Time	S1	S2	S3	
0.0004125	0.015727	0.109958	0.468798	
0.0008375	0.0168822	0.11034	0.466773	
0.0012625	0.0166432	0.109274	0.468481	
0.001675	0.017016	0.108384	0.47011	
0.0021125	0.0157687	0.106887	0.469986	
0.0025375	0.0149663	0.106025	0.468513	
0.002975	0.0141986	0.10643	0.467871	
0.0034125	0.0146096	0.10691	0.46913	
0.00385	0.0151106	0.108147	0.469974	
0.0042875	0.0143731	0.108429	0.470048	
0.0047375	0.0137437	0.108743	0.470117	
0.0051875	0.0138048	0.108501	0.470932	
0.0056375	0.0143485	0.108859	0.471674	
0.0060875	0.0147318	0.109574	0.472348	
0.00655	0.0143707	0.109416	0.472833	
0.0070125	0.0138699	0.109406	0.473198	
0.007475	0.0139298	0.10987	0.473314	
0.00795	0.0141249	0.110245	0.473076	
0.0084125	0.0138253	0.110214	0.472535	
0.0088875	0.0138075	0.110635	0.47266	
0.0093625	0.0141812	0.110651	0.472781	
0.00985	0.013984	0.110664	0.472963	
0.0103375	0.013579	0.110652	0.472851	
0.010825	0.0135659	0.110865	0.473181	
0.0113125	0.0136988	0.111099	0.473842	
0.0118	0.013618	0.111457	0.47418	
0.0123	0.0133973	0.111366	0.474019	
0.0128	0.0134101	0.111377	0.474193	
0.0133125	0.0134897	0.111539	0.474394	
0.0138125	0.0133586	0.111675	0.474206	
0.014325	0.0134142	0.111774	0.474063	
0.0148375	0.0135696	0.112097	0.474437	
0.0153625	0.0135673	0.112077	0.474275	
0.0158875	0.0133309	0.111972	0.474001	
0.0164125	0.0131686	0.112242	0.474051	
0.0169375	0.0135152	0.112709	0.474548	
0.017475	0.0134955	0.112767	0.474683	
0.0180125	0.0133633	0.11257	0.474452	
0.01855	0.0134147	0.112806	0.474346	
0.0191	0.0133555	0.113134	0.474248	
0.0196375	0.0131748	0.113249	0.473828	
0.0202	0.0133751	0.11331	0.473789	
0.02075	0.0136768	0.113512	0.473972	
0.0213125	0.0136492	0.113424	0.473759	
0.021875	0.013511	0.113497	0.47362	
0.0224375	0.0136955	0.113933	0.473816	
0.0230125	0.0139709	0.114224	0.473899	
0.0235875	0.0137158	0.11398	0.473505	
0.024175	0.0134703	0.113999	0.473117	
0.02475	0.0137414	0.114169	0.472934	
0.0253375	0.0136091	0.114191	0.472571	
0.0259375	0.0136001	0.114018	0.472279	
0.026525	0.0137122	0.114125	0.472197	
0.027125	0.0136943	0.114181	0.471642	
0.027725	0.0133374	0.114137	0.471311	
0.0283375	0.0133287	0.114064	0.471094	
0.02895	0.0134905	0.114291	0.470817	
0.0295625	0.013479	0.114277	0.470454	
0.0301875	0.0133639	0.11397	0.470142	
0.0308125	0.0134376	0.114043	0.469813	
0.0314375	0.0135095	0.114345	0.469522	
0.032075	0.0135804	0.114324	0.468819	
0.0327125	0.013653	0.114435	0.468477	
0.0333625	0.0134134	0.11433	0.468098	
0.034	0.0133892	0.113824	0.46749	
0.0346625	0.0133736	0.113853	0.466899	
0.0353125	0.0134322	0.114124	0.466252	
0.035975	0.0133049	0.11423	0.465794	
0.0366375	0.0131098	0.114319	0.465454	
0.0373125	0.0130425	0.114495	0.464934	
0.0379875	0.0130741	0.114302	0.464491	
0.0386625	0.0132257	0.114416	0.464287	
0.03935	0.013071	0.114507	0.463659	
0.0400375	0.012846	0.114517	0.462962	
0.040725	0.0127562	0.114855	0.462691	
0.041425	0.0125932	0.114826	0.462094	
0.042125	0.0125709	0.11477	0.461472	
0.0428375	0.0126695	0.114725	0.460779	
0.04355	0.0123972	0.11453	0.460179	
0.0442625	0.0125416	0.114536	0.45972	
0.0449875	0.0126786	0.11481	0.45915	
0.0457125	0.0125896	0.114843	0.458643	
0.04645	0.012339	0.114603	0.457758	
0.0471875	0.0123257	0.114347	0.457116	
0.0479375	0.0124819	0.114282	0.456517	
0.048675	0.0125874	0.114651	0.456098	
0.0494375	0.0125936	0.114713	0.455609	
0.0501875	0.0124949	0.114354	0.454777	
0.05095	0.0125781	0.114421	0.454283	
0.051725	0.0125785	0.114123	0.45343	
0.0525	0.0123767	0.114157	0.452701	
0.053275	0.0124752	0.114166	0.452126	
0.0540625	0.0123381	0.113926	0.451399	
0.05485	0.0124598	0.113959	0.450916	
0.05565	0.0124558	0.113752	0.450258	
0.05645	0.0123415	0.113563	0.449446	
0.0572625	0.0124755	0.113597	0.448817	
0.058075	0.0126716	0.113831	0.448239	
0.0588875	0.0125044	0.113585	0.447551	
0.0597125	0.0123909	0.113191	0.44676	
0.06055	0.0123893	0.113429	0.446087	
0.061375	0.012393	0.113355	0.445356	
0.062225	0.0124025	0.113301	0.44477	
0.063075	0.0123789	0.113178	0.444116	
0.063925	0.0123177	0.112749	0.443333	
0.0647875	0.0123658	0.11268	0.442616	
0.06565	0.0121471	0.112746	0.44199	
0.0665125	0.0118837	0.112464	0.441211	
0.0674	0.0120237	0.11238	0.44042	
0.068275	0.0119005	0.112315	0.439782	
0.0691625	0.0118809	0.11209	0.439045	
0.0700625	0.0118533	0.112172	0.43808	
0.0709625	0.0117012	0.112225	0.437583	
0.071875	0.0118079	0.111867	0.436957	
0.0727875	0.0115381	0.111633	0.435973	
0.0737	0.0115951	0.111705	0.43522	
0.0746375	0.0117014	0.111726	0.434487	
0.0755625	0.0114278	0.111432	0.433825	
0.0765	0.011544	0.11138	0.433027	
0.07745	0.0116712	0.111395	0.432325	
0.0784	0.0115404	0.111373	0.431495	
0.0793625	0.0114596	0.111215	0.430867	
0.080325	0.0114021	0.110989	0.429984	
0.0813	0.0115699	0.110962	0.429385	
0.0822875	0.0115909	0.110805	0.42848	
0.0832625	0.0113601	0.110654	0.427622	
0.0842625	0.0114679	0.110863	0.42695	
0.0852625	0.0114983	0.110497	0.426319	
0.0862625	0.0113483	0.110382	0.425424	
0.0872875	0.0114598	0.110481	0.424632	
0.0883	0.0112658	0.110241	0.423855	
0.0893375	0.0112574	0.11009	0.423114	
0.0903625	0.0112871	0.109965	0.422362	
0.0914125	0.0112968	0.109981	0.421441	
0.0924625	0.0111757	0.109695	0.420544	
0.0935125	0.0111918	0.109653	0.419836	
0.094575	0.0112024	0.109514	0.419019	
0.09565	0.0110691	0.109321	0.418115	
0.096725	0.0111119	0.109377	0.417374	
0.0978125	0.0110365	0.10908	0.416631	
0.0989125	0.0110554	0.108956	0.415715	
0.100013	0.011049	0.108965	0.414851	
0.101125	0.010905	0.108879	0.414005	
0.102238	0.0109141	0.108547	0.413177	
0.103363	0.0109365	0.108528	0.412464	
0.1045	0.0108946	0.108416	0.411557	
0.105637	0.0106979	0.108259	0.410877	
0.106788	0.0107929	0.108167	0.410037	
0.107937	0.0107033	0.107914	0.409138	
0.1091	0.010685	0.107878	0.408375	
0.110275	0.0107113	0.107848	0.407468	
0.11145	0.0106645	0.107505	0.406787	
0.11265	0.0105975	0.107445	0.405882	
0.113838	0.0105237	0.107343	0.405145	
0.11505	0.0104877	0.107107	0.40441	
0.116263	0.0105181	0.107027	0.403402	
0.117475	0.0105151	0.107011	0.4027	
0.118712	0.0103525	0.106742	0.401866	
0.11995	0.0104874	0.106645	0.401173	
0.1212	0.0102472	0.106459	0.400214	
0.12245	0.0102543	0.106405	0.39946	
0.123713	0.0102311	0.106273	0.398743	
0.124987	0.010268	0.106035	0.397844	
0.126275	0.0102352	0.106057	0.396948	
0.127562	0.010164	0.105859	0.396283	
0.128863	0.0102279	0.105644	0.395436	
0.130175	0.0101715	0.105629	0.394687	
0.131488	0.0100132	0.105482	0.393898	
0.132825	0.0101414	0.105392	0.393155	
0.13415	0.0100343	0.105241	0.392307	
0.1355	0.0101314	0.105198	0.391537	
0.136863	0.0100109	0.104994	0.390905	
0.138225	0.0100585	0.104834	0.390003	
0.1396	0.00992917	0.104825	0.389316	
0.140975	0.00982526	0.104531	0.388594	
0.142375	0.00995362	0.104588	0.387773	
0.143775	0.00990915	0.104486	0.38702	
0.145187	0.00989445	0.10429	0.38629	
0.146612	0.0098282	0.104148	0.385534	
0.148037	0.00978973	0.104022	0.384696	
0.149487	0.00977559	0.10392	0.384085	
0.150937	0.00978403	0.103806	0.383192	
0.1524	0.00982049	0.10381	0.382626	
0.153875	0.00974136	0.103653	0.381917	
0.15535	0.00969824	0.103479	0.381102	
0.15685	0.00958392	0.103385	0.380403	
0.15835	0.00962727	0.103267	0.379694	
0.159863	0.00961682	0.103171	0.378921	
0.161388	0.00958485	0.103146	0.378227	
0.162925	0.00945223	0.102815	0.377523	
0.164463	0.00949044	0.102734	0.37676	
0.166025	0.00944782	0.102708	0.376014	
0.167588	0.00948978	0.102558	0.375287	
0.169162	0.00945996	0.102573	0.374588	
0.17075	0.00949057	0.102399	0.373964	
0.17235	0.00937494	0.102222	0.373286	
0.173963	0.00930416	0.102249	0.372501	
0.175588	0.00936994	0.102018	0.37184	
0.177225	0.00929324	0.102023	0.371101	
0.178862	0.00924329	0.101827	0.370614	
0.180525	0.00927965	0.10169	0.369795	
0.182187	0.00916426	0.101613	0.36909	
0.183863	0.00922546	0.101533	0.368469	
0.185563	0.009217	0.101419	0.367768	
0.187263	0.00914535	0.101372	0.367153	
0.188975	0.00914686	0.101141	0.366468	
0.1907	0.00918924	0.101107	0.365776	
0.192437	0.00908654	0.100952	0.365256	
0.194188	0.00912769	0.100951	0.364533	
0.19595	0.00900338	0.100832	0.363932	
0.197725	0.00909354	0.100759	0.363377	
0.199512	0.00898932	0.100662	0.362658	
0.201312	0.00901462	0.100474	0.362065	
0.203112	0.00907892	0.10044	0.361459	
0.204938	0.00892709	0.100283	0.36092	
0.206775	0.00903539	0.100228	0.360198	
0.208625	0.00891462	0.100168	0.359621	
0.210487	0.00896565	0.100069	0.358929	
0.212362	0.00888278	0.100037	0.35844	
0.21425	0.00883303	0.0998647	0.357855	
0.21615	0.00888194	0.0998518	0.357189	
0.218063	0.00884165	0.099673	0.356657	
0.22	0.00882302	0.0996231	0.356002	
0.221938	0.00875728	0.0994256	0.35552	
0.223888	0.00872849	0.0994328	0.354826	
0.225863	0.00875162	0.0993556	0.354215	
0.227838	0.00869486	0.0992464	0.353742	
0.229838	0.00868599	0.0991225	0.353151	
0.23185	0.00869605	0.0990563	0.35265	
0.233863	0.00865681	0.0990136	0.351984	
0.2359	0.00863951	0.0989285	0.351489	
0.23795	0.00854932	0.0988391	0.35089	
0.240025	0.00856371	0.0987599	0.350488	
0.2421	0.00856009	0.0987665	0.34984	
0.2442	0.00854927	0.0985842	0.349394	
0.2463	0.00860271	0.098554	0.348812	
0.248425	0.00847168	0.0984473	0.348354	
0.250562	0.00851696	0.0984268	0.347752	
0.252712	0.00849111	0.0983459	0.347326	
0.254887	0.0084658	0.0982548	0.346809	
0.257062	0.00842182	0.0981217	0.346299	
0.259263	0.00843433	0.0981861	0.34576	
0.261475	0.00842533	0.0979954	0.345345	
0.263712	0.00831706	0.097904	0.344809	
0.26595	0.00838994	0.0978285	0.344398	
0.268212	0.00837904	0.0979052	0.343865	
0.270487	0.00830268	0.0977168	0.343488	
0.272775	0.00823978	0.0976885	0.342999	
0.275088	0.00825954	0.0976533	0.34251	
0.2774	0.00820775	0.0975913	0.342088	
0.279738	0.00822675	0.0974633	0.341633	
0.2821	0.00824242	0.0974184	0.341177	
0.284475	0.00823912	0.0973789	0.340696	
0.286862	0.00823181	0.0972921	0.340394	
0.289263	0.00813347	0.0972352	0.339873	
0.291687	0.00817984	0.0971479	0.339439	
0.294125	0.0081403	0.0971707	0.339038	
0.296575	0.00813252	0.0970341	0.338605	
0.29905	0.00813387	0.0969909	0.338164	
0.301538	0.00819272	0.0969311	0.33774	
0.304038	0.0081024	0.0969108	0.337402	
0.306563	0.00808521	0.0968682	0.33698	
0.3091	0.00806588	0.0967499	0.336553	
0.311662	0.00804541	0.0967263	0.336236	
0.314238	0.00803154	0.0966733	0.335813	
0.316837	0.00810512	0.0965644	0.335464	
0.31945	0.00807321	0.0965697	0.335001	
0.322075	0.00800146	0.096467	0.334736	
0.324725	0.00801912	0.096481	0.334354	
0.327388	0.00802962	0.0964448	0.333895	
0.330075	0.00798042	0.0963241	0.333637	
0.332788	0.00794733	0.0962639	0.333197	
0.3355	0.00799162	0.0962377	0.332894	
0.33825	0.00789297	0.0961516	0.332521	
0.341013	0.0079246	0.096192	0.332183	
0.343787	0.00797625	0.0961555	0.331825	
0.346588	0.00788219	0.0960612	0.331582	
0.3494	0.00788364	0.0961246	0.331229	
0.352237	0.00795996	0.0960159	0.330933	
0.3551	0.00788996	0.0958569	0.330587	
0.357975	0.00791393	0.0959048	0.330256	
0.360875	0.00794053	0.0959024	0.330034	
0.363788	0.00789695	0.0957943	0.329688	
0.366725	0.00788045	0.0958238	0.329381	
0.369687	0.00790934	0.0957329	0.329109	
0.372663	0.00785962	0.0956182	0.328786	
0.375663	0.00785043	0.0956992	0.328476	
0.378688	0.00787159	0.0956137	0.328192	
0.381725	0.00786537	0.095553	0.327918	
0.384787	0.00788058	0.0955384	0.32765	
0.387875	0.00777305	0.0954936	0.327409	
0.390975	0.00778962	0.0954329	0.327025	
0.3941	0.00781711	0.0954285	0.32682	
0.39725	0.00781379	0.0953777	0.326525	
0.400412	0.007812	0.0953402	0.326189	
0.403612	0.00779199	0.0953291	0.326018	
0.406825	0.00774024	0.0953489	0.325773	
0.410062	0.00775789	0.0952887	0.325481	
0.413312	0.00775339	0.0952686	0.325242	
0.4166	0.00776427	0.0952523	0.324977	
0.4199	0.0076711	0.0951848	0.324821	
0.423225	0.00776567	0.0951368	0.324499	
0.426575	0.00775929	0.0951909	0.324266	
0.42995	0.00772896	0.0951121	0.324124	
0.43335	0.0077741	0.0950795	0.323837	
0.436763	0.00770804	0.095042	0.323678	
0.440212	0.00767594	0.0950017	0.323462	
0.443675	0.00767144	0.095005	0.323199	
0.447163	0.00768285	0.0949434	0.323018	
0.450687	0.00774437	0.0949843	0.322742	
0.454225	0.00764356	0.0949081	0.322598	
0.457788	0.0076271	0.0949489	0.322396	
0.461375	0.00764293	0.0949053	0.322183	
0.464987	0.00769183	0.0948851	0.321932	
0.468625	0.00772698	0.0948989	0.321809	
0.472288	0.00761282	0.0948569	0.321612	
0.475987	0.00763837	0.0948677	0.321389	
0.4797	0.00762296	0.0947862	0.321203	
0.483438	0.00765555	0.0948015	0.321027	
0.487213	0.00766011	0.0948074	0.32085	
0.491	0.00767544	0.094848	0.320661	
0.494825	0.00761904	0.09477	0.320487	
0.498663	0.00761738	0.0947142	0.320263	
0.502537	0.00764812	0.0947206	0.320131	
0.506437	0.00765682	0.0947035	0.319935	
0.510363	0.00762518	0.094729	0.319848	
0.514313	0.00761622	0.0946861	0.319647	
0.5183	0.00762452	0.0946308	0.319511	
0.5223	0.00763366	0.0946255	0.319383	
0.526338	0.0076629	0.0946308	0.319173	
0.530412	0.00765882	0.0946191	0.319028	
0.5345	0.00769086	0.0945808	0.318853	
0.538625	0.00762307	0.0945332	0.318774	
0.542775	0.00766116	0.0945528	0.318587	
0.54695	0.00761432	0.094551	0.318467	
0.55115	0.00769873	0.0945296	0.318274	
0.555387	0.00761793	0.0945062	0.318142	
0.559663	0.00766053	0.0945067	0.317984	
0.56395	0.00760676	0.0944847	0.317808	
0.568275	0.00770643	0.0944648	0.31767	
0.572637	0.00762673	0.0944273	0.317577	
0.577012	0.00767336	0.0944709	0.317462	
0.581438	0.00762641	0.0944918	0.317252	
0.585875	0.00769365	0.0944539	0.317153	
0.59035	0.00770039	0.0943983	0.317021	
0.594863	0.00766235	0.0944265	0.316912	
0.5994	0.00763798	0.09443	0.31669	
0.603975	0.00764894	0.0944001	0.316641	
0.608575	0.00765774	0.094411	0.316479	
0.613213	0.00763342	0.0944288	0.31634	
0.617875	0.00761674	0.0944289	0.316286	
0.622575	0.00763123	0.0944291	0.316173	
0.627312	0.00763289	0.0943531	0.316013	
0.632075	0.00768285	0.094404	0.315869	
0.636875	0.00763766	0.0943883	0.315793	
0.6417	0.00766209	0.0944052	0.315646	
0.646563	0.00760165	0.0943911	0.315482	
0.651462	0.00764965	0.0944013	0.315385	
0.656388	0.00763076	0.094455	0.315363	
0.661363	0.00763192	0.0943826	0.315259	
0.666363	0.00768335	0.0943921	0.315052	
0.6714	0.00764367	0.0944242	0.314971	
0.676462	0.00766332	0.0944326	0.314943	
0.681562	0.00764422	0.0944006	0.314754	
0.686713	0.00771093	0.094357	0.314682	
0.691887	0.00771602	0.0944109	0.314547	
0.6971	0.0076922	0.094393	0.314467	
0.70235	0.00772145	0.0943657	0.314315	
0.707625	0.00770959	0.0943653	0.314178	
0.71295	0.00769702	0.0943606	0.314121	
0.718313	0.00769526	0.0943553	0.31401	
0.7237	0.00775049	0.0943659	0.313878	
0.729137	0.00770772	0.0943549	0.31377	
0.7346	0.0077258	0.0943364	0.313645	
0.740112	0.00774935	0.0942966	0.313503	
0.745663	0.0077434	0.0943465	0.313439	
0.751238	0.00774717	0.0943335	0.313341	
0.756863	0.00776279	0.0943139	0.313214	
0.762525	0.00776416	0.0943251	0.313065	
0.768225	0.00776735	0.0942895	0.312904	
0.773975	0.00779081	0.0943338	0.312877	
0.77975	0.00775715	0.0943531	0.312671	
0.785575	0.00778361	0.0943699	0.312626	
0.791438	0.00774646	0.0943553	0.312539	
0.797337	0.00775552	0.0943553	0.312374	
0.803275	0.00774862	0.0943628	0.312272	
0.809263	0.00775555	0.0943491	0.312185	
0.815287	0.00772967	0.0943599	0.312019	
0.82135	0.00776851	0.0943935	0.311938	
0.827462	0.00778865	0.0943561	0.31184	
0.833613	0.007811	0.0944167	0.311761	
0.839813	0.00780915	0.0943826	0.311586	
0.84605	0.00781071	0.0943767	0.311526	
0.852325	0.00779914	0.0943741	0.311392	
0.85865	0.00782291	0.0943478	0.311283	
0.865025	0.00784958	0.0943765	0.311119	
0.871437	0.00786097	0.0943993	0.311027	
0.877887	0.00780754	0.0943755	0.310922	
0.884387	0.00783627	0.0943906	0.310785	
0.890938	0.00785847	0.0943808	0.310735	
0.897525	0.00785501	0.0943835	0.310595	
0.904163	0.007882	0.0943193	0.310403	
0.91085	0.00790299	0.0943093	0.310338	
0.917575	0.00788822	0.0943687	0.310221	
0.92435	0.00790989	0.0943375	0.310123	
0.931175	0.0079231	0.0943466	0.309984	
0.93805	0.00790246	0.094319	0.309869	
0.944963	0.00788836	0.094339	0.309736	
0.951937	0.00788796	0.0943728	0.309622	
0.95895	0.00788759	0.0943705	0.309521	
0.966012	0.00791076	0.0943937	0.309348	
0.973125	0.00790544	0.0944057	0.309291	
0.980287	0.00788337	0.0944003	0.309165	
0.987487	0.00791153	0.0944024	0.309081	
0.99475	0.00788369	0.0944027	0.30902	
1.00206	0.00788862	0.0943883	0.308823	
1.00943	0.00793715	0.0944106	0.308755	
1.01684	0.00788836	0.0944512	0.308575	
1.0243	0.00794667	0.0944516	0.308477	
1.03182	0.00793043	0.0944254	0.308384	
1.03939	0.00792932	0.0944214	0.308271	
1.04701	0.00794382	0.0944236	0.308183	
1.05469	0.00793491	0.0944311	0.308009	
1.06241	0.00796605	0.0944304	0.307877	
1.07019	0.00794915	0.0944361	0.307775	
1.07802	0.0079975	0.0944197	0.307677	
1.08591	0.00796713	0.0944197	0.307577	
1.09385	0.00798946	0.0943955	0.307428	
1.10185	0.0080254	0.0943737	0.307309	
1.10991	0.00798767	0.0944032	0.30713	
1.11801	0.00797562	0.0944641	0.30703	
1.12619	0.00799711	0.0944381	0.306875	
1.1344	0.00801796	0.0944475	0.306733	
1.14269	0.00801865	0.0944183	0.306657	
1.15103	0.00802456	0.0944398	0.306506	
1.15941	0.00803648	0.0944194	0.306399	
1.16786	0.00804412	0.0944638	0.306249	
1.17638	0.00804581	0.0944114	0.306154	
1.18495	0.00803721	0.094429	0.306031	
1.19358	0.00808349	0.0944446	0.305877	
1.20226	0.00809352	0.0944325	0.305743	
1.21101	0.00811549	0.0944195	0.305616	
1.21983	0.00809196	0.0944225	0.305527	
1.2287	0.00815428	0.0944409	0.305397	
1.23763	0.00815278	0.0944117	0.305197	
1.24662	0.00815465	0.0944073	0.305073	
1.25569	0.00815964	0.0943958	0.304927	
1.2648	0.00818003	0.0943689	0.304809	
1.27399	0.00822034	0.0943713	0.304617	
1.28324	0.00820757	0.0943957	0.304487	
1.29254	0.0082416	0.0943806	0.304317	
1.30192	0.00822675	0.0943883	0.304187	
1.31136	0.0082769	0.0943478	0.304035	
1.32086	0.0082378	0.0943959	0.303902	
1.33044	0.00825648	0.094357	0.303773	
1.34008	0.00821184	0.0944009	0.303606	
1.34977	0.00825162	0.0944453	0.303435	
1.35955	0.00825817	0.0944071	0.303332	
1.36939	0.00829904	0.0943785	0.303146	
1.3793	0.00829679	0.0944096	0.303024	
1.38927	0.0083212	0.0944028	0.302867	
1.39933	0.00832062	0.0944437	0.30274	
1.40944	0.00834796	0.0943807	0.302548	
1.41963	0.00832334	0.094422	0.302417	
1.42988	0.00837524	0.0944035	0.302254	
1.44021	0.00837672	0.0943909	0.302085	
1.4506	0.00837247	0.0944232	0.301934	
1.46107	0.00838482	0.0943755	0.301752	
1.47162	0.00840617	0.0943903	0.301566	
1.48224	0.00840393	0.0944095	0.301399	
1.49293	0.00840557	0.0944133	0.301237	
1.50369	0.00834751	0.0943799	0.301064	
1.51453	0.00835339	0.0944462	0.300889	
1.52545	0.00838672	0.0944592	0.300735	
1.53644	0.00840504	0.0944222	0.300584	
1.5475	0.00840652	0.0944347	0.300426	
1.55864	0.00840807	0.094461	0.300262	
1.56986	0.00842966	0.0944588	0.300096	
1.58116	0.0084366	0.0944448	0.299925	
1.59254	0.00848042	0.0944532	0.299778	
1.60399	0.00846688	0.0944319	0.299609	
1.61553	0.00848134	0.0944196	0.299414	
1.62714	0.0084965	0.0943964	0.299263	
1.63884	0.00850758	0.0943971	0.299048	
1.65061	0.00849565	0.0944012	0.298844	
1.66246	0.00847931	0.0943982	0.29867	
1.67441	0.00848995	0.0944562	0.29848	
1.68642	0.00848351	0.0944567	0.298333	
1.69854	0.00848982	0.0944541	0.29815	
1.71072	0.00849898	0.0944207	0.29802	
1.723	0.00852268	0.0944494	0.297825	
1.73536	0.00850848	0.0944754	0.297657	
1.7478	0.0085282	0.0944834	0.297434	
1.76034	0.00855938	0.0944724	0.297311	
1.77295	0.00856846	0.0944587	0.297076	
1.78566	0.00857469	0.0944548	0.29695	
1.79845	0.00861026	0.0944378	0.296744	
1.81134	0.00859809	0.0943875	0.296539	
1.8243	0.0085983	0.0944258	0.296359	
1.83736	0.00862407	0.0944402	0.296166	
1.85051	0.00862095	0.0944343	0.295959	
1.86376	0.00860144	0.0944008	0.295788	
1.8771	0.00860883	0.09443	0.295609	
1.89052	0.00861551	0.0944658	0.295424	
1.90405	0.00864501	0.0944657	0.295244	
1.91766	0.00863365	0.094444	0.295094	
1.93136	0.0086749	0.0944743	0.294921	
1.94518	0.00869249	0.0944469	0.294712	
1.95907	0.00867989	0.0944374	0.294549	
1.97306	0.00870311	0.094426	0.294348	
1.98716	0.00871914	0.0944383	0.294167	
2.00135	0.00873482	0.0944101	0.293961	
2.01564	0.00872217	0.0944339	0.293751	
2.03003	0.00872801	0.0944137	0.293595	
2.04451	0.00871428	0.094432	0.293406	
2.0591	0.00869365	0.0944664	0.293215	
2.07379	0.00873144	0.0944549	0.293043	
2.08857	0.00875331	0.09448	0.292852	
2.10348	0.00877595	0.0944612	0.292676	
2.11846	0.00876324	0.0944648	0.292506	
2.13356	0.00880149	0.094466	0.292314	
2.14878	0.00881877	0.0944498	0.292108	
2.16409	0.00884775	0.0944492	0.291901	
2.1795	0.00885462	0.0944102	0.291702	
2.19502	0.00884204	0.0944321	0.291527	
2.21065	0.00883858	0.0944388	0.291307	
2.2264	0.00883127	0.094462	0.291133	
2.24224	0.00888529	0.0944504	0.290954	
2.2582	0.00889272	0.0944712	0.290783	
2.27428	0.00891074	0.0944599	0.290604	
2.29045	0.00894292	0.0944841	0.290402	
2.30675	0.00899971	0.0944603	0.2902	
2.32315	0.00898296	0.0944353	0.290043	
2.33966	0.00901684	0.094435	0.289834	
2.3563	0.00900515	0.0944342	0.289612	
2.37305	0.00902561	0.0944401	0.289458	
2.38991	0.00903449	0.0944697	0.289274	
2.4069	0.0090374	0.0944791	0.289082	
2.424	0.00904025	0.0944531	0.288899	
2.44121	0.00906853	0.0944716	0.288735	
2.45855	0.00907987	0.0945003	0.288505	
2.47601	0.00912873	0.0944919	0.288362	
2.49359	0.00913367	0.0944653	0.288176	
2.51129	0.00915447	0.0944607	0.287937	
2.52911	0.0091508	0.0944552	0.28775	
2.54706	0.00917906	0.0944594	0.287573	
2.56514	0.00914728	0.0944699	0.287372	
2.58332	0.00915392	0.09447	0.287198	
2.60165	0.009155	0.0944856	0.287035	
2.6201	0.00917629	0.0945108	0.286837	
2.63867	0.00919368	0.0945287	0.286672	
2.65739	0.00920286	0.0945094	0.286475	
2.67622	0.00923073	0.0945083	0.286266	
2.69519	0.00923358	0.0944833	0.286102	
2.71429	0.00923149	0.0944871	0.285876	
2.73351	0.00923747	0.0944982	0.285673	
2.75288	0.00922869	0.0945028	0.285517	
2.77238	0.00923681	0.0945372	0.285317	
2.79201	0.00928092	0.0945291	0.285153	
2.81177	0.00931091	0.0945085	0.284974	
2.83169	0.0093272	0.0945531	0.284785	
2.85173	0.00937005	0.0945162	0.284609	
2.87191	0.00938896	0.0945001	0.284425	
2.89224	0.00937084	0.0944735	0.284227	
2.9127	0.00937256	0.0944882	0.28402	
2.93331	0.00936391	0.0945135	0.283895	
2.95405	0.00940565	0.0945109	0.283719	
2.97495	0.0094147	0.0945177	0.283564	
2.99599	0.00941943	0.0945366	0.283373	
3.01716	0.00944192	0.0945608	0.283202	
3.0385	0.00946938	0.0945112	0.283019	
3.05997	0.00944287	0.094522	0.282784	
3.0816	0.00946575	0.0945381	0.28256	
3.10337	0.00943287	0.0945378	0.282416	
3.12531	0.00945268	0.0945738	0.282241	
3.14739	0.00946134	0.0945811	0.282069	
3.16961	0.0094734	0.0946048	0.281903	
3.192	0.00952534	0.094586	0.281736	
3.21455	0.00953748	0.0945823	0.281535	
3.23725	0.00955871	0.0945747	0.281345	
3.2601	0.0095608	0.0945681	0.281168	
3.28311	0.00956442	0.0946109	0.281001	
3.30629	0.00958477	0.0946029	0.28083	
3.32962	0.00961034	0.0946581	0.280677	
3.35311	0.0096634	0.0946447	0.280527	
3.37678	0.00969559	0.0946579	0.280363	
3.4006	0.0097138	0.0946507	0.28014	
3.42459	0.00973911	0.0946133	0.279997	
3.44874	0.00971814	0.0946421	0.279763	
3.47306	0.00973387	0.0946589	0.279625	
3.49755	0.00976995	0.0946814	0.279466	
3.52221	0.00981078	0.094672	0.279318	
3.54704	0.0098426	0.0946938	0.27914	
3.57205	0.00987554	0.0946788	0.278973	
3.59722	0.00990372	0.0946483	0.278765	
3.62258	0.00988386	0.0946784	0.278575	
3.6481	0.0098967	0.0947015	0.278436	
3.6738	0.00993431	0.0947254	0.278279	
3.69969	0.00996175	0.094749	0.278108	
3.72575	0.00999213	0.0947503	0.277959	
3.75199	0.0100057	0.0947305	0.277791	
3.77841	0.0100059	0.0947211	0.277594	
3.80501	0.0100048	0.0947357	0.277404	
3.83181	0.00997184	0.0947719	0.277267	
3.85879	0.0100051	0.094788	0.277086	
3.88595	0.0100043	0.0948086	0.276966	
3.9133	0.0100149	0.0947906	0.276769	
3.94084	0.010027	0.0948124	0.276589	
3.96858	0.0100081	0.0947938	0.276412	
3.9965	0.0100225	0.0948237	0.276252	
4.02461	0.0100404	0.0948795	0.276112	
4.05293	0.0100851	0.0948874	0.275963	
4.08144	0.0101105	0.0948915	0.275807	
4.11015	0.0101537	0.0948816	0.275622	
4.13905	0.010177	0.0948732	0.275457	
4.16816	0.0101606	0.0948934	0.275267	
4.19746	0.0102162	0.0949401	0.275154	
4.22697	0.0102461	0.0949369	0.274981	
4.2567	0.0102925	0.094971	0.274829	
4.28661	0.0103367	0.0949519	0.274648	
4.31675	0.0103302	0.0949409	0.27443	
4.34709	0.0103384	0.0949857	0.274285	
4.37764	0.0103666	0.0950055	0.27412	
4.40839	0.0103925	0.0950203	0.273962	
4.43936	0.0104394	0.0950412	0.273813	
4.47055	0.0104654	0.0950095	0.273609	
4.50196	0.0104543	0.0950103	0.273434	
4.53358	0.010468	0.0950339	0.273305	
4.56542	0.0104944	0.0950693	0.273143	
4.59749	0.0105356	0.0950828	0.273025	
4.62976	0.0105374	0.0950835	0.272821	
4.66227	0.0105504	0.0950699	0.272666	
4.69501	0.0105427	0.0951138	0.272531	
4.72796	0.0105497	0.0951881	0.272353	
4.76116	0.0105925	0.0952169	0.272229	
4.79458	0.0106055	0.0952436	0.272069	
4.82823	0.0106277	0.0952537	0.271912	
4.86211	0.0106106	0.0952263	0.271719	
4.89622	0.0106222	0.0952562	0.271588	
4.93059	0.0106654	0.0952445	0.271433	
4.96518	0.0107052	0.0952185	0.271277	
5.00001	0.0107025	0.0951867	0.271099	
5.03509	0.0106751	0.0951714	0.270924	
5.0704	0.0106714	0.0952	0.270775	
5.10596	0.0106872	0.0952302	0.270592	
5.14178	0.0107237	0.0952586	0.270421	
5.17782	0.0107126	0.0952592	0.270221	
5.21414	0.0107335	0.0952886	0.270037	
5.25069	0.0107429	0.0953282	0.269866	
5.2875	0.0107923	0.0953959	0.269706	
5.32457	0.0108586	0.0954014	0.269541	
5.3619	0.0109041	0.0954051	0.269353	
5.39948	0.0109144	0.0954469	0.269181	
5.43733	0.0109505	0.0954994	0.269044	
5.47542	0.0110058	0.0955272	0.268903	
5.5138	0.0110525	0.0955784	0.268726	
5.55244	0.011057	0.0955619	0.268513	
5.59134	0.0110386	0.0956082	0.268351	
5.63051	0.0110669	0.0956337	0.268195	
5.66995	0.0110917	0.0956774	0.268045	
5.70967	0.0110855	0.0956523	0.267851	
5.74966	0.0110595	0.0956617	0.267659	
5.78994	0.0110436	0.0956936	0.267501	
5.83049	0.0110386	0.0957335	0.267338	
5.87131	0.0110584	0.0957279	0.267145	
5.91244	0.0110489	0.0957112	0.266936	
5.95384	0.0110534	0.095723	0.266746	
5.99551	0.0110909	0.095769	0.266601	
6.03749	0.0111173	0.0957709	0.266442	
6.07976	0.0111272	0.0957462	0.26625	
6.12231	0.0111068	0.0957727	0.266089	
6.16517	0.0111526	0.0958133	0.265945	
6.20832	0.0111628	0.0958274	0.265776	
6.25177	0.0111766	0.0958322	0.265592	
6.29553	0.0111601	0.0958599	0.265394	
6.33957	0.0111991	0.095897	0.265238	
6.38394	0.0112275	0.0959474	0.265076	
6.4286	0.0112477	0.0959344	0.264893	
6.47358	0.011242	0.0959646	0.264731	
6.51888	0.011288	0.095999	0.264557	
6.56448	0.0113484	0.0960476	0.264384	
6.61039	0.0113483	0.0960458	0.264159	
6.65662	0.0113496	0.0960554	0.263956	
6.70319	0.0114086	0.0961107	0.263811	
6.75006	0.0114344	0.0961194	0.263625	
6.79728	0.0114221	0.0961051	0.263415	
6.8448	0.011418	0.0961469	0.263263	
6.89266	0.0114703	0.0961813	0.263104	
6.94086	0.011475	0.0961978	0.262934	
6.98939	0.0114328	0.0961743	0.262746	
7.03825	0.011443	0.0962212	0.262611	
7.08745	0.0114752	0.0962715	0.262457	
7.137	0.0114831	0.0962506	0.262223	
7.18689	0.0115005	0.0963001	0.262053	
7.23711	0.0115593	0.0963587	0.261888	
7.2877	0.0115962	0.096407	0.261718	
7.33862	0.0116121	0.0964343	0.261514	
7.38991	0.0116518	0.0964829	0.261337	
7.44155	0.0116916	0.0964924	0.261169	
7.49355	0.0116862	0.0964549	0.260992	
7.54591	0.0116693	0.0964537	0.26082	
7.59864	0.0117108	0.0965098	0.260678	
7.65172	0.0117212	0.0965629	0.26051	
7.70517	0.0116996	0.096564	0.260326	
7.759	0.01174	0.0966351	0.260169	
7.8132	0.0117679	0.0967115	0.260015	
7.86777	0.0117631	0.096706	0.259812	
7.92273	0.0117857	0.0967573	0.25965	
7.97806	0.0118207	0.0968174	0.259479	
8.03378	0.0118025	0.0968063	0.259248	
8.08988	0.0118137	0.0968298	0.259078	
8.14637	0.0118499	0.096881	0.258906	
8.20326	0.0118482	0.0968829	0.258711	
8.26054	0.0118706	0.0969118	0.25855	
8.31821	0.0119106	0.0969795	0.258413	
8.37629	0.0119257	0.0969978	0.258214	
8.43476	0.0119313	0.0970397	0.258056	
8.49365	0.0119812	0.0971205	0.257909	
8.55294	0.0119888	0.0971394	0.257709	
8.61264	0.0120027	0.0971506	0.257538	
8.67275	0.0120489	0.0971664	0.257375	
8.73329	0.0120334	0.0971325	0.257176	
8.79424	0.0120459	0.0971645	0.257006	
8.85561	0.012089	0.097252	0.256843	
8.91741	0.0120877	0.0972945	0.256652	
8.97964	0.0121325	0.0973602	0.2565	
9.0423	0.0121756	0.0974386	0.256342	
9.1054	0.0121357	0.0974668	0.256116	
9.16893	0.0121656	0.0975159	0.255964	
9.2329	0.0121944	0.0975671	0.255788	
9.29731	0.0121754	0.0975703	0.255598	
9.36217	0.0122267	0.0976358	0.255464	
9.42749	0.0122275	0.0976417	0.255275	
9.49325	0.0122321	0.0976284	0.255074	
9.55947	0.0122618	0.0976917	0.254929	
9.62615	0.0122489	0.097705	0.254707	
9.69329	0.0122972	0.0977534	0.254551	
9.7609	0.0123406	0.0978099	0.254394	
9.82897	0.0123334	0.0978085	0.254206	
9.89752	0.0123859	0.0978686	0.254053	
9.96654	0.0123831	0.0979014	0.253884	
10.036	0.0123915	0.0979326	0.253736	
10.106	0.0124081	0.0980051	0.253561	
10.1765	0.0123895	0.0980299	0.253378	
10.2474	0.0124404	0.098089	0.253246	
10.3189	0.0124315	0.0981335	0.253067	
10.3908	0.012449	0.0981664	0.252882	
10.4633	0.0124487	0.0982359	0.252699	
10.5362	0.0124182	0.0982473	0.2525	
10.6097	0.0124186	0.0982905	0.252371	
10.6836	0.0124146	0.0983204	0.252199	
10.7581	0.0124758	0.0983565	0.252065	
10.8331	0.0125376	0.0984221	0.251913	
10.9086	0.0125694	0.0984509	0.251745	
10.9846	0.0126319	0.0985409	0.251591	
11.0612	0.0126239	0.0985995	0.251401	
11.1383	0.0126744	0.0986805	0.25127	
11.2159	0.0126519	0.0986804	0.251102	
11.2941	0.012704	0.0986673	0.250959	
11.3728	0.0127199	0.0987226	0.250789	
11.452	0.0127212	0.0987802	0.250624	
11.5318	0.0126993	0.0989045	0.250487	
11.6122	0.0126408	0.0989334	0.250305	
11.6931	0.0126645	0.0990121	0.250166	
11.7745	0.0126514	0.0990372	0.249981	
11.8566	0.0127018	0.0990953	0.249857	
11.9392	0.0127063	0.0991296	0.249708	
12.0224	0.0127739	0.099179	0.249588	
12.1061	0.0127744	0.0992303	0.249433	
12.1904	0.0128254	0.099295	0.249296	
12.2753	0.0128231	0.0993366	0.249123	
12.3609	0.0128697	0.0993678	0.24899	
12.4469	0.0128486	0.0994401	0.24882	
12.5336	0.0128498	0.0994669	0.248674	
12.6209	0.0128348	0.09954	0.24849	
12.7088	0.0128386	0.0995462	0.248344	
12.7973	0.012811	0.0996424	0.248191	
12.8865	0.0128373	0.0997026	0.248066	
12.9762	0.0128652	0.0997952	0.247896	
13.0666	0.0129307	0.0998399	0.247744	
13.1576	0.0129326	0.0999051	0.247617	
13.2492	0.0129643	0.0999314	0.247507	
13.3414	0.0129606	0.0999837	0.247346	
13.4343	0.0129765	0.100017	0.247226	
13.5279	0.0129465	0.100074	0.247082	
13.6221	0.0129713	0.100162	0.246976	
13.7169	0.0129701	0.100253	0.246825	
13.8124	0.013026	0.100313	0.246715	
13.9086	0.0129778	0.100309	0.246548	
14.0054	0.012933	0.100353	0.246442	
14.1029	0.0129571	0.100407	0.246292	
14.201	0.0130383	0.100527	0.246152	
14.2999	0.0131062	0.100589	0.246022	
14.3994	0.0131361	0.100679	0.24589	
14.4997	0.013183	0.10074	0.245805	
14.6006	0.0131471	0.100804	0.245627	
14.7022	0.0131712	0.100873	0.245466	
14.8045	0.0131519	0.100893	0.245324	
14.9076	0.0131829	0.100978	0.245258	
15.0113	0.013215	0.101033	0.245175	
15.1158	0.0132043	0.101143	0.245051	
15.221	0.0132163	0.101188	0.244972	
15.3269	0.0132117	0.101143	0.244821	
15.4336	0.0132443	0.10118	0.244706	
15.541	0.0132868	0.101283	0.244575	
15.6491	0.0132647	0.101402	0.24441	
15.758	0.0132809	0.101474	0.244284	
15.8676	0.0132879	0.101538	0.244164	
15.978	0.0132795	0.101627	0.244085	
16.0892	0.0132843	0.101642	0.243995	
16.2012	0.01326	0.101698	0.24387	
16.3139	0.0133187	0.101753	0.243772	
16.4274	0.0133287	0.101842	0.243697	
16.5417	0.0133015	0.101952	0.243571	
16.6567	0.0133437	0.101973	0.243479	
16.7726	0.0133822	0.101967	0.243356	
16.8893	0.0133721	0.102064	0.243208	
17.0068	0.0134071	0.102173	0.243089	
17.1251	0.0134344	0.102235	0.242988	
17.2442	0.0134171	0.102315	0.242911	
17.3641	0.0134048	0.102398	0.242852	
17.4849	0.0133854	0.102416	0.242767	
17.6065	0.0133779	0.102451	0.242676	
17.729	0.0134348	0.102535	0.242552	
17.8523	0.0134859	0.102624	0.242469	
17.9765	0.0134899	0.102722	0.242393	
18.1015	0.0134922	0.102792	0.242311	
18.2274	0.0135061	0.102819	0.242133	
18.3541	0.0135075	0.102871	0.242041	
18.4818	0.0134828	0.102934	0.24202	
18.6103	0.0134976	0.102991	0.241964	
18.7397	0.0135072	0.103098	0.241882	
18.87	0.0135107	0.103188	0.241766	
19.0012	0.0135572	0.103154	0.241646	
19.1334	0.0135939	0.103207	0.241575	
19.2664	0.0136154	0.10332	0.24151	
19.4004	0.0136034	0.103457	0.241419	
19.5353	0.0135904	0.103554	0.241278	
19.6711	0.0135931	0.103611	0.241181	
19.8079	0.0135724	0.103658	0.241139	
19.9456	0.0135296	0.103717	0.241075	
20.0843	0.0135071	0.103771	0.240967	
20.2239	0.013557	0.103762	0.240862	
20.3645	0.0136113	0.103857	0.240775	
20.5061	0.013617	0.103966	0.240709	
20.6486	0.0136103	0.104048	0.240636	
20.7922	0.0135988	0.104103	0.24055	
20.9367	0.013608	0.104146	0.240501	
21.0823	0.013617	0.10421	0.240432	
21.2288	0.0136022	0.104293	0.240364	
21.3764	0.0135747	0.104364	0.2403	
21.525	0.0136062	0.104428	0.240218	
21.6746	0.013639	0.104509	0.240115	
21.8252	0.0136311	0.104597	0.24005	
21.9769	0.0136612	0.104625	0.239962	
22.1297	0.013681	0.104681	0.239877	
22.2835	0.0136411	0.104767	0.239823	
22.4384	0.0136475	0.104837	0.239754	
22.5943	0.0137088	0.104889	0.239651	
22.7514	0.013749	0.104956	0.239577	
22.9095	0.0137523	0.105011	0.239496	
23.0687	0.0137361	0.105092	0.239429	
23.229	0.0137426	0.105175	0.239384	
23.3904	0.0137342	0.105157	0.239304	
23.553	0.0137084	0.10518	0.239225	
23.7167	0.0137243	0.105312	0.239165	
23.8815	0.0137791	0.105415	0.239084	
24.0474	0.013784	0.105498	0.239038	
24.2146	0.0137421	0.105546	0.239005	
24.3828	0.013746	0.105587	0.238939	
24.5522	0.0137429	0.105627	0.238878	
24.7229	0.0137392	0.105703	0.238793	
24.8946	0.0137401	0.105757	0.238695	
25.0676	0.0137773	0.105798	0.23866	
25.2418	0.0138022	0.105834	0.238589	
25.4172	0.0138064	0.105883	0.238511	
25.5938	0.0138205	0.105931	0.238452	
25.7716	0.0137996	0.105979	0.238389	
25.9506	0.0137571	0.106028	0.238281	
26.131	0.0137933	0.10608	0.238238	
26.3125	0.0138629	0.106171	0.238176	
26.4953	0.0138602	0.106166	0.238083	
26.6794	0.0138136	0.10619	0.238034	
26.8647	0.0138215	0.106282	0.237962	
27.0514	0.0138468	0.106346	0.237913	
27.2393	0.0137908	0.106381	0.237789	
27.4285	0.0138288	0.1065	0.23771	
27.619	0.0138778	0.106427	0.237665	
27.8109	0.0138974	0.106445	0.237605	
28.0041	0.0138914	0.106566	0.237523	
28.1986	0.0138802	0.106667	0.23742	
28.3945	0.0138635	0.10671	0.237387	
28.5918	0.0138481	0.106735	0.237306	
28.7904	0.0138599	0.106733	0.23721	
28.9903	0.0139149	0.106749	0.237154	
29.1917	0.0138975	0.106775	0.237075	
29.3945	0.0138922	0.106822	0.236993	
29.5986	0.0138917	0.106852	0.236911	
29.8042	0.0138479	0.106951	0.236825	
30.0112	0.0138325	0.106904	0.236807	
30.2197	0.013894	0.106963	0.236739	
30.4296	0.0138764	0.10701	0.236681	
30.6409	0.0138803	0.107055	0.236602	
30.8537	0.0138514	0.107078	0.236519	
31.068	0.0138549	0.107112	0.236437	
31.2838	0.0139107	0.107175	0.236426	
31.501	0.0139357	0.107247	0.236226	
31.7198	0.013963	0.107286	0.236229	
31.9401	0.0139285	0.107268	0.23614	
32.1619	0.0138334	0.107258	0.236012	
32.3853	0.013878	0.107278	0.235969	
32.6102	0.0139381	0.107287	0.235867	
32.8366	0.0139077	0.107318	0.235775	
33.0647	0.013951	0.107355	0.235739	
33.2943	0.0138739	0.107392	0.235656	
33.5255	0.0139166	0.107407	0.235595	
33.7583	0.0139904	0.107416	0.235511	
33.9927	0.0139643	0.107448	0.23537	
34.2287	0.0139435	0.107453	0.235372	
34.4664	0.0139184	0.107483	0.235264	
34.7057	0.0138701	0.107529	0.235154	
34.9467	0.0139333	0.107531	0.235093	
35.1894	0.0139359	0.107518	0.235022	
35.4337	0.0139096	0.107546	0.234966	
35.6797	0.0139495	0.107563	0.234895	
35.9275	0.0138911	0.107569	0.234795	
36.1769	0.0138943	0.107614	0.234727	
36.4281	0.0139502	0.107591	0.234654	
36.681	0.0139509	0.107599	0.234579	
36.9357	0.0139815	0.107615	0.234499	
37.1921	0.0138642	0.107607	0.234353	
37.4504	0.0140032	0.107678	0.234334	
37.7104	0.0140078	0.107626	0.234255	
37.9722	0.01398	0.107674	0.234164	
38.2358	0.0139437	0.107741	0.23412	
38.5013	0.0139157	0.107707	0.234027	
38.7686	0.0139504	0.107689	0.233969	
39.0377	0.0139256	0.107683	0.233875	
39.3087	0.013896	0.107742	0.2338	
39.5816	0.013903	0.107734	0.233712	
39.8564	0.0139211	0.107707	0.233642	
40.1331	0.0139145	0.107712	0.233565	
40.4117	0.0139024	0.107771	0.233542	
40.6922	0.0139235	0.107735	0.233405	
40.9747	0.0139921	0.107739	0.23337	
41.2591	0.0139469	0.10771	0.233318	
41.5456	0.0139425	0.107736	0.233238	
41.834	0.0139786	0.107758	0.23315	
42.1243	0.0139468	0.107755	0.233038	
42.4168	0.013931	0.107719	0.232985	
42.7112	0.013929	0.107704	0.232917	
43.0077	0.0139623	0.107747	0.232824	
43.3062	0.0139123	0.10774	0.232743	
43.6068	0.0139148	0.107744	0.232712	
43.9095	0.0139028	0.107767	0.232597	
44.2142	0.0139487	0.107797	0.232467	
44.5211	0.0139087	0.107782	0.23244	
44.8302	0.0139373	0.107757	0.232398	
45.1413	0.0139394	0.107777	0.232329	
45.4547	0.0139486	0.107785	0.23222	
45.7701	0.0138995	0.107732	0.232241	
46.0878	0.0139411	0.107765	0.232133	
46.4077	0.0139438	0.107764	0.232023	
46.7298	0.0139454	0.107736	0.231937	
47.0541	0.013889	0.107709	0.231922	
47.3807	0.0139462	0.107754	0.231859	
47.7096	0.0139725	0.107749	0.231798	
48.0407	0.0138923	0.107733	0.231717	
48.3741	0.0139263	0.107671	0.231645	
48.7098	0.0139621	0.107746	0.23156	
49.0479	0.0138936	0.107715	0.231529	
49.3883	0.0138779	0.107715	0.231476	
49.731	0.0139264	0.107693	0.231402	
50.0762	0.0139177	0.107696	0.23133	
50.4237	0.0138908	0.107703	0.231285	
50.7737	0.0139987	0.107721	0.23119	
51.126	0.0139482	0.107684	0.231101	
51.4808	0.0139221	0.10773	0.231045	
51.8381	0.0138821	0.107704	0.230997	
52.1978	0.0139119	0.107687	0.230922	
52.5601	0.0138986	0.107659	0.230891	
52.9248	0.0138773	0.107727	0.230803	
53.2921	0.0139587	0.107729	0.230767	
53.6619	0.013861	0.107658	0.230738	
54.0343	0.0139052	0.107776	0.230662	
54.4092	0.0139006	0.107726	0.230601	
54.7868	0.0138918	0.107651	0.230556	
55.167	0.0139148	0.107725	0.230498	
55.5498	0.0138948	0.10769	0.230416	
55.9353	0.0138516	0.107707	0.23037	
56.3234	0.0138924	0.1077	0.230302	
56.7142	0.0138728	0.107736	0.230231	
57.1078	0.0138967	0.10768	0.230197	
57.504	0.0138786	0.107694	0.230095	
57.903	0.01393	0.107692	0.230021	
58.3048	0.0139073	0.107647	0.230078	
58.7094	0.0138749	0.107697	0.229958	
59.1168	0.0138857	0.10768	0.229894	
59.527	0.0138804	0.107642	0.229809	
