Time	A470	A350	A340	A330	A320	A310	A300	
0.0004125	0.0193981	0.15677	0.247184	0.394094	0.63291	1.01407	1.74429
0.0008375	0.0196252	0.158304	0.247307	0.393569	0.635835	1.02096	1.73943
0.0012625	0.0192642	0.158302	0.245702	0.391194	0.636751	1.02374	1.74636
0.001675	0.0183389	0.156341	0.2447	0.391117	0.635712	1.02645	1.74878
0.0021125	0.0171079	0.155095	0.242918	0.391668	0.636246	1.02649	1.74697
0.0025375	0.0164297	0.154599	0.24309	0.39153	0.635342	1.02753	1.74593
0.002975	0.0163893	0.155139	0.243695	0.391143	0.634491	1.02734	1.74673
0.0034125	0.0168742	0.155915	0.244735	0.391614	0.635208	1.02645	1.74721
0.00385	0.0174107	0.156645	0.245546	0.392151	0.636426	1.02666	1.74832
0.0042875	0.0170979	0.156608	0.245626	0.392177	0.636624	1.02673	1.74747
0.0047375	0.0164555	0.15635	0.245412	0.391642	0.636557	1.0263	1.74654
0.0051875	0.0166351	0.156675	0.245431	0.391688	0.636672	1.02649	1.74718
0.0056375	0.0171577	0.157259	0.246127	0.39254	0.637097	1.02714	1.74733
0.0060875	0.0174691	0.157717	0.246745	0.393424	0.637932	1.02793	1.74829
0.00655	0.0169927	0.157457	0.246382	0.39329	0.637845	1.02817	1.74723
0.0070125	0.0167544	0.157344	0.246234	0.393162	0.638147	1.02772	1.74753
0.007475	0.0169489	0.157852	0.246515	0.393628	0.638698	1.02838	1.74873
0.00795	0.0168939	0.158195	0.246724	0.39408	0.63883	1.029	1.74845
0.0084125	0.0170115	0.158265	0.247001	0.394167	0.638995	1.02899	1.74871
0.0088875	0.0171765	0.15843	0.247431	0.394343	0.6392	1.02958	1.74906
0.0093625	0.0170028	0.158491	0.247642	0.394601	0.639331	1.02971	1.74909
0.00985	0.0166228	0.158602	0.247532	0.394598	0.639618	1.02966	1.74818
0.0103375	0.0167494	0.158639	0.247586	0.394557	0.639876	1.02966	1.74863
0.010825	0.0169954	0.158818	0.248151	0.394732	0.639806	1.02997	1.74906
0.0113125	0.0168889	0.158773	0.248093	0.395233	0.639803	1.02973	1.7488
0.0118	0.0167209	0.158769	0.248122	0.39533	0.640126	1.02976	1.74916
0.0123	0.0167829	0.159058	0.248438	0.395379	0.640541	1.02968	1.74908
0.0128	0.0168816	0.159395	0.248704	0.395465	0.640693	1.02987	1.7478
0.0133125	0.0168863	0.159672	0.248838	0.39593	0.640905	1.02982	1.74888
0.0138125	0.0167115	0.15955	0.248707	0.395935	0.640576	1.02973	1.74785
0.014325	0.0166103	0.159361	0.248725	0.395588	0.640293	1.02961	1.74874
0.0148375	0.0165665	0.159547	0.248842	0.395843	0.640502	1.02965	1.74831
0.0153625	0.0164912	0.159815	0.249084	0.396385	0.640757	1.02964	1.74862
0.0158875	0.0166545	0.159677	0.249046	0.39619	0.640579	1.02924	1.74851
0.0164125	0.0166895	0.159894	0.248949	0.395988	0.640135	1.02897	1.74733
0.0169375	0.0167878	0.160195	0.249059	0.396232	0.640359	1.02921	1.74658
0.017475	0.016554	0.16023	0.24908	0.396249	0.640415	1.02899	1.74636
0.0180125	0.016436	0.160109	0.249135	0.396069	0.64028	1.02873	1.74595
0.01855	0.0166658	0.160239	0.24929	0.396101	0.640295	1.0284	1.74529
0.0191	0.0167472	0.16043	0.249155	0.396154	0.640194	1.02854	1.74642
0.0196375	0.0164179	0.160363	0.249234	0.39591	0.639819	1.02792	1.74533
0.0202	0.0162078	0.160381	0.249371	0.395676	0.639346	1.02751	1.74496
0.02075	0.016541	0.160849	0.249693	0.39578	0.639245	1.0272	1.74453
0.0213125	0.0167078	0.160886	0.24965	0.395925	0.638991	1.02679	1.74453
0.021875	0.0165333	0.160556	0.249436	0.395685	0.638645	1.02625	1.74316
0.0224375	0.0165142	0.160726	0.249617	0.395601	0.638647	1.02603	1.74367
0.0230125	0.0164369	0.160959	0.249859	0.395908	0.638693	1.02584	1.74375
0.0235875	0.0163725	0.160784	0.249775	0.395541	0.638299	1.02523	1.74143
0.024175	0.0164109	0.160781	0.24962	0.395103	0.638108	1.02479	1.74119
0.02475	0.0166187	0.161047	0.249777	0.395271	0.637834	1.02453	1.7407
0.0253375	0.0164331	0.161144	0.249694	0.395376	0.637635	1.02392	1.74045
0.0259375	0.0164451	0.16103	0.249724	0.394993	0.637288	1.02338	1.73878
0.026525	0.0163409	0.161038	0.249685	0.39475	0.637057	1.0228	1.73818
0.027125	0.0162101	0.161257	0.249723	0.394714	0.636908	1.02245	1.73761
0.027725	0.0160936	0.16119	0.249697	0.394546	0.636524	1.02156	1.73689
0.0283375	0.0160927	0.161248	0.249614	0.394323	0.63595	1.021	1.73603
0.02895	0.016253	0.161452	0.249636	0.394481	0.635854	1.02053	1.7354
0.0295625	0.0161301	0.161432	0.249498	0.394216	0.635634	1.01987	1.73449
0.0301875	0.0159355	0.161343	0.249605	0.393755	0.635014	1.01908	1.73312
0.0308125	0.0160647	0.16151	0.249698	0.39388	0.634745	1.01863	1.73337
0.0314375	0.0161905	0.161627	0.249574	0.393758	0.634456	1.01788	1.73209
0.032075	0.016055	0.161552	0.249468	0.393331	0.633714	1.0172	1.73065
0.0327125	0.0160681	0.161594	0.249437	0.393264	0.633399	1.01622	1.72974
0.0333625	0.0160277	0.161574	0.249392	0.392888	0.633014	1.0156	1.72921
0.034	0.0159028	0.161365	0.249177	0.392431	0.632269	1.0145	1.72786
0.0346625	0.0160816	0.161634	0.24931	0.392502	0.631876	1.01394	1.72692
0.0353125	0.0159274	0.161647	0.249117	0.392398	0.631375	1.01317	1.72603
0.035975	0.0158366	0.161475	0.248827	0.39167	0.630631	1.01215	1.72459
0.0366375	0.0160841	0.161598	0.24903	0.391631	0.630555	1.01129	1.72379
0.0373125	0.0159838	0.161841	0.248958	0.391621	0.630107	1.0102	1.72226
0.0379875	0.0158667	0.16181	0.248898	0.391076	0.629176	1.00904	1.7214
0.0386625	0.015964	0.161874	0.248928	0.391013	0.628855	1.00853	1.71977
0.03935	0.0159599	0.161879	0.248968	0.390856	0.628282	1.0075	1.71877
0.0400375	0.0160375	0.161951	0.248715	0.390454	0.627755	1.00644	1.71811
0.040725	0.016085	0.161948	0.2487	0.390189	0.627425	1.00561	1.71694
0.041425	0.0159206	0.161789	0.248694	0.389728	0.626865	1.00424	1.71528
0.042125	0.0159601	0.161791	0.248577	0.389562	0.62608	1.00332	1.71421
0.0428375	0.0159481	0.161883	0.248537	0.389443	0.625575	1.00224	1.71248
0.04355	0.0159918	0.161894	0.248412	0.389118	0.62508	1.00107	1.71079
0.0442625	0.0159231	0.161911	0.248468	0.388724	0.624267	1.00013	1.71007
0.0449875	0.0160486	0.162156	0.248465	0.388537	0.623792	0.998841	1.7083
0.0457125	0.015954	0.161981	0.248398	0.388262	0.622943	0.997622	1.70693
0.04645	0.0158556	0.16191	0.248234	0.388232	0.622214	0.996728	1.70649
0.0471875	0.0159871	0.162006	0.248273	0.387969	0.621719	0.995638	1.70495
0.0479375	0.0160043	0.161846	0.247912	0.387445	0.621021	0.994311	1.703
0.048675	0.0161389	0.161988	0.247939	0.387206	0.620441	0.99356	1.70181
0.0494375	0.0161142	0.161862	0.247913	0.387039	0.61979	0.992381	1.70009
0.0501875	0.0159837	0.161789	0.247777	0.386585	0.61913	0.991282	1.6991
0.05095	0.0159105	0.161977	0.247559	0.386246	0.618552	0.990223	1.69738
0.051725	0.0160265	0.161714	0.247502	0.385883	0.617719	0.989044	1.69595
0.0525	0.0159574	0.162038	0.247328	0.385527	0.61712	0.98782	1.69482
0.053275	0.0158274	0.162003	0.247199	0.384957	0.616271	0.986634	1.6929
0.0540625	0.0157533	0.161813	0.247152	0.384646	0.615229	0.98523	1.69171
0.05485	0.015881	0.161879	0.247104	0.384346	0.614668	0.984057	1.69025
0.05565	0.0159168	0.161849	0.246972	0.38389	0.614054	0.982894	1.68855
0.05645	0.015875	0.162061	0.246913	0.383513	0.613293	0.981563	1.68758
0.0572625	0.0158286	0.16182	0.246799	0.383368	0.612625	0.98068	1.68555
0.058075	0.0157932	0.161726	0.246748	0.382981	0.611693	0.979066	1.68408
0.0588875	0.0157378	0.161736	0.24648	0.382476	0.610816	0.977884	1.68263
0.0597125	0.015759	0.161555	0.246357	0.382207	0.610147	0.976767	1.6811
0.06055	0.0157872	0.161762	0.246231	0.381875	0.609491	0.975613	1.67908
0.061375	0.0155559	0.161772	0.245967	0.381341	0.608602	0.974092	1.67809
0.062225	0.015658	0.161505	0.246055	0.381012	0.60777	0.972785	1.67576
0.063075	0.0157503	0.161429	0.245918	0.38077	0.607132	0.971519	1.67404
0.063925	0.0157265	0.161564	0.245568	0.380294	0.606268	0.970233	1.67241
0.0647875	0.0156389	0.161452	0.245635	0.37987	0.6055	0.968893	1.67106
0.06565	0.0156	0.161294	0.245445	0.379505	0.604772	0.967641	1.66952
0.0665125	0.0155274	0.161258	0.245336	0.37912	0.603953	0.966224	1.66781
0.0674	0.0156018	0.161003	0.245083	0.378746	0.603164	0.965177	1.66634
0.068275	0.0155299	0.161149	0.244966	0.378252	0.602503	0.963724	1.66506
0.0691625	0.0154139	0.161046	0.244848	0.377984	0.601719	0.962375	1.66278
0.0700625	0.0152321	0.160914	0.244548	0.377507	0.600705	0.960739	1.6608
0.0709625	0.0153406	0.160937	0.244377	0.377113	0.59985	0.959371	1.65861
0.071875	0.0155351	0.161041	0.244282	0.376616	0.599128	0.958129	1.65766
0.0727875	0.0153556	0.160853	0.243914	0.376195	0.598173	0.95648	1.65593
0.0737	0.0151963	0.160815	0.243898	0.375695	0.597418	0.955189	1.65396
0.0746375	0.0151784	0.160562	0.243594	0.375163	0.596475	0.953703	1.65204
0.0755625	0.0153602	0.160463	0.243413	0.374791	0.595678	0.952371	1.65034
0.0765	0.0151583	0.16061	0.243336	0.374391	0.594909	0.951127	1.64858
0.07745	0.0150829	0.160475	0.243113	0.373884	0.594116	0.949594	1.64658
0.0784	0.0149498	0.160351	0.242832	0.373513	0.592978	0.948038	1.6447
0.0793625	0.014979	0.160276	0.242777	0.373083	0.592104	0.946526	1.64318
0.080325	0.0150717	0.160368	0.24249	0.372636	0.591332	0.945141	1.64139
0.0813	0.0150799	0.160218	0.242306	0.372233	0.590346	0.943752	1.6393
0.0822875	0.0148565	0.160059	0.242096	0.371675	0.589352	0.94209	1.63756
0.0832625	0.0149647	0.159967	0.241894	0.371285	0.588672	0.940568	1.63595
0.0842625	0.0149509	0.159937	0.241779	0.370943	0.587704	0.939341	1.63411
0.0852625	0.0148985	0.159805	0.241569	0.370419	0.586754	0.937774	1.63219
0.0862625	0.01487	0.15971	0.24139	0.369974	0.585831	0.936046	1.63049
0.0872875	0.0147297	0.159612	0.241117	0.369471	0.584793	0.934663	1.62859
0.0883	0.0148615	0.159757	0.240892	0.368932	0.583862	0.933165	1.62752
0.0893375	0.0148909	0.159517	0.240674	0.368567	0.582968	0.931512	1.62532
0.0903625	0.0148668	0.159445	0.240534	0.367956	0.582007	0.929989	1.6236
0.0914125	0.0147559	0.159361	0.240225	0.367443	0.581117	0.928452	1.62148
0.0924625	0.0146721	0.159201	0.239945	0.36686	0.580229	0.926989	1.61916
0.0935125	0.0147334	0.159138	0.2399	0.366408	0.579299	0.925305	1.61775
0.094575	0.0144968	0.158959	0.239569	0.365993	0.578194	0.923729	1.61584
0.09565	0.0146363	0.158967	0.239384	0.365449	0.577276	0.92229	1.61392
0.096725	0.0146081	0.158886	0.239037	0.364985	0.576336	0.920756	1.61161
0.0978125	0.0145804	0.158726	0.238898	0.364519	0.575348	0.919078	1.60979
0.0989125	0.0145248	0.158549	0.238601	0.363932	0.574282	0.917506	1.60802
0.100013	0.0144783	0.158456	0.238367	0.363373	0.573397	0.916142	1.60593
0.101125	0.0144208	0.158453	0.238202	0.362861	0.57245	0.914468	1.60397
0.102238	0.0145246	0.158207	0.237985	0.362444	0.57143	0.912772	1.60206
0.103363	0.0142854	0.158197	0.237747	0.361891	0.570391	0.911179	1.59992
0.1045	0.0144199	0.158112	0.2375	0.361372	0.569454	0.909591	1.59819
0.105637	0.0144042	0.158114	0.23728	0.360882	0.56852	0.908038	1.59601
0.106788	0.0144843	0.157847	0.237008	0.36033	0.567407	0.906297	1.59385
0.107937	0.014264	0.157759	0.236684	0.359771	0.566405	0.904758	1.59162
0.1091	0.0144599	0.157739	0.236512	0.359105	0.565498	0.903302	1.58978
0.110275	0.0141427	0.157617	0.236246	0.358754	0.564538	0.901595	1.58768
0.11145	0.0142725	0.157419	0.236114	0.358321	0.563518	0.899932	1.58594
0.11265	0.0141258	0.157464	0.235822	0.357637	0.56241	0.8985	1.58367
0.113838	0.0143361	0.157324	0.235469	0.357275	0.561448	0.89668	1.58155
0.11505	0.0141347	0.157043	0.235309	0.356685	0.560402	0.89495	1.57936
0.116263	0.0142237	0.157037	0.23498	0.35605	0.559387	0.893454	1.57725
0.117475	0.014237	0.15695	0.234696	0.355549	0.558486	0.891767	1.57525
0.118712	0.0141208	0.156728	0.234657	0.355115	0.557445	0.889969	1.57342
0.11995	0.0140639	0.156655	0.234358	0.354576	0.556363	0.888231	1.57147
0.1212	0.0141536	0.156656	0.234028	0.354098	0.555358	0.886776	1.56952
0.12245	0.0140254	0.15639	0.233789	0.353634	0.554288	0.884937	1.56735
0.123713	0.0140238	0.156297	0.233545	0.353074	0.553266	0.883238	1.56514
0.124987	0.0141536	0.156172	0.233237	0.352495	0.552198	0.881687	1.5634
0.126275	0.0139232	0.156191	0.233001	0.35183	0.551388	0.880189	1.56115
0.127562	0.0139765	0.155909	0.232857	0.351386	0.550233	0.878475	1.55927
0.128863	0.0139203	0.155935	0.232534	0.350905	0.549232	0.876788	1.55717
0.130175	0.0139713	0.155785	0.232273	0.350375	0.548321	0.875014	1.55472
0.131488	0.0138519	0.155617	0.231949	0.349873	0.547291	0.873549	1.55306
0.132825	0.0139967	0.155484	0.231829	0.3493	0.546244	0.871765	1.55094
0.13415	0.0138823	0.155341	0.231423	0.34868	0.545341	0.870419	1.54884
0.1355	0.0138245	0.155236	0.231254	0.348187	0.544271	0.868485	1.54689
0.136863	0.0137972	0.155086	0.231043	0.347754	0.543268	0.866793	1.54448
0.138225	0.0139295	0.155135	0.230758	0.347194	0.54229	0.86525	1.54256
0.1396	0.0137934	0.154735	0.230506	0.346663	0.541249	0.863352	1.54065
0.140975	0.013777	0.154651	0.230293	0.34629	0.540173	0.861796	1.53853
0.142375	0.0138628	0.154636	0.23003	0.345537	0.539268	0.860345	1.53625
0.143775	0.0136888	0.154554	0.229817	0.345045	0.538362	0.858443	1.53419
0.145187	0.0136906	0.154404	0.229596	0.344622	0.537148	0.856919	1.53228
0.146612	0.0136917	0.154342	0.229309	0.344039	0.536263	0.855286	1.53028
0.148037	0.0136577	0.154183	0.229029	0.343587	0.535287	0.853656	1.5281
0.149487	0.013706	0.154047	0.228839	0.342983	0.534244	0.851976	1.52595
0.150937	0.0137198	0.153987	0.22862	0.342483	0.533309	0.850499	1.52369
0.1524	0.0135926	0.153843	0.228275	0.341828	0.532326	0.848771	1.5218
0.153875	0.0136518	0.153709	0.228179	0.341503	0.531262	0.84712	1.51997
0.15535	0.0137318	0.153643	0.227797	0.340914	0.530263	0.845486	1.51791
0.15685	0.0135823	0.153452	0.2276	0.340429	0.529291	0.843834	1.51586
0.15835	0.0137356	0.153368	0.227368	0.340007	0.528279	0.842252	1.51384
0.159863	0.0135746	0.153201	0.227109	0.339312	0.527369	0.84063	1.51178
0.161388	0.0135339	0.153078	0.22684	0.338921	0.526263	0.838859	1.51
0.162925	0.013667	0.153033	0.226617	0.338339	0.525276	0.837378	1.50741
0.164463	0.0134859	0.152867	0.226305	0.337894	0.524412	0.835781	1.50591
0.166025	0.0135733	0.152694	0.226105	0.337436	0.523402	0.834132	1.50397
0.167588	0.0135767	0.152623	0.225882	0.336814	0.522389	0.832666	1.50194
0.169162	0.0134393	0.152544	0.225616	0.336359	0.521553	0.83094	1.49961
0.17075	0.0135224	0.152465	0.225413	0.335937	0.520501	0.829379	1.49773
0.17235	0.0135851	0.152373	0.225174	0.335414	0.519627	0.827764	1.49566
0.173963	0.0134551	0.152121	0.224897	0.334958	0.5187	0.826294	1.49391
0.175588	0.0135671	0.152033	0.224753	0.334356	0.517685	0.824625	1.49201
0.177225	0.0134969	0.152005	0.224418	0.333877	0.516769	0.823075	1.49012
0.178862	0.0134477	0.151819	0.224282	0.333402	0.515731	0.821509	1.48817
0.180525	0.0135318	0.151789	0.224036	0.332957	0.514782	0.82003	1.48597
0.182187	0.0134439	0.151562	0.22371	0.332463	0.513992	0.818479	1.48408
0.183863	0.0134158	0.151474	0.223532	0.332021	0.513007	0.816855	1.48231
0.185563	0.0133804	0.151506	0.223345	0.331499	0.512117	0.815421	1.48042
0.187263	0.0134058	0.151265	0.223095	0.331097	0.511051	0.813843	1.4786
0.188975	0.0134175	0.151319	0.222818	0.330603	0.510255	0.812391	1.47676
0.1907	0.0134288	0.151116	0.222579	0.330127	0.509329	0.810871	1.47492
0.192437	0.013366	0.150919	0.222409	0.3297	0.50843	0.809464	1.47302
0.194188	0.0133741	0.150974	0.222102	0.329141	0.507559	0.807883	1.47117
0.19595	0.013356	0.15072	0.222035	0.328736	0.506596	0.806411	1.46907
0.197725	0.0134014	0.150668	0.221694	0.328252	0.505744	0.804934	1.46719
0.199512	0.0133393	0.150509	0.221546	0.327789	0.504914	0.803519	1.46547
0.201312	0.0133397	0.150401	0.221341	0.327295	0.503981	0.801971	1.46346
0.203112	0.0133088	0.150305	0.221042	0.326828	0.503214	0.800618	1.46152
0.204938	0.0133218	0.15028	0.220887	0.326398	0.502172	0.799085	1.45968
0.206775	0.0133139	0.150207	0.220541	0.325954	0.501405	0.797672	1.45808
0.208625	0.0133134	0.150006	0.22044	0.325526	0.500622	0.796299	1.45616
0.210487	0.0133503	0.149989	0.220286	0.325121	0.49979	0.794942	1.45429
0.212362	0.013264	0.149787	0.220046	0.324623	0.498867	0.793522	1.45277
0.21425	0.013367	0.149739	0.219838	0.324215	0.497992	0.792351	1.45091
0.21615	0.0133004	0.149566	0.219608	0.323711	0.497195	0.790714	1.44912
0.218063	0.0133201	0.149442	0.219445	0.323346	0.496305	0.789381	1.44737
0.22	0.0133283	0.149439	0.21917	0.322886	0.495492	0.787891	1.44572
0.221938	0.0132648	0.149333	0.21899	0.322536	0.49464	0.786575	1.44392
0.223888	0.0133777	0.149244	0.218725	0.322071	0.493792	0.785205	1.44209
0.225863	0.0132643	0.149076	0.218519	0.321675	0.49317	0.78388	1.44047
0.227838	0.0132689	0.149059	0.218358	0.321296	0.49238	0.78251	1.43872
0.229838	0.013292	0.148865	0.218158	0.320902	0.491609	0.781054	1.43712
0.23185	0.013331	0.148803	0.217986	0.320535	0.490729	0.77995	1.43504
0.233863	0.0132347	0.148618	0.217781	0.32	0.489981	0.778505	1.43364
0.2359	0.013284	0.148609	0.217677	0.319607	0.489159	0.777249	1.43199
0.23795	0.0132943	0.148497	0.217419	0.319269	0.488358	0.775893	1.43028
0.240025	0.0132517	0.148388	0.217229	0.31887	0.48758	0.774638	1.42872
0.2421	0.0132587	0.148285	0.216959	0.318442	0.486915	0.773444	1.42726
0.2442	0.0132817	0.148207	0.216924	0.318086	0.486111	0.772152	1.42536
0.2463	0.0132502	0.148106	0.216689	0.317732	0.485491	0.77094	1.42396
0.248425	0.0132629	0.148015	0.21651	0.317313	0.484669	0.769697	1.42245
0.250562	0.0132425	0.147911	0.216347	0.316853	0.48399	0.768578	1.42079
0.252712	0.013272	0.147812	0.216177	0.316605	0.483224	0.767378	1.41909
0.254887	0.0132763	0.147753	0.215997	0.31624	0.482553	0.766091	1.41777
0.257062	0.013336	0.147625	0.215801	0.315822	0.481753	0.764945	1.41598
0.259263	0.0132792	0.147546	0.215552	0.315399	0.481109	0.763758	1.41457
0.261475	0.0132843	0.147522	0.215444	0.315098	0.48049	0.76251	1.41303
0.263712	0.0132852	0.14733	0.215214	0.314743	0.479765	0.761417	1.41159
0.26595	0.01328	0.147233	0.215055	0.314427	0.4791	0.760248	1.41007
0.268212	0.0132079	0.147184	0.214944	0.31409	0.478458	0.759018	1.40832
0.270487	0.0133109	0.147129	0.214817	0.31372	0.477706	0.757904	1.40719
0.272775	0.0132485	0.146997	0.214592	0.31344	0.477053	0.756761	1.40555
0.275088	0.0132787	0.146967	0.214411	0.313069	0.476441	0.755662	1.40401
0.2774	0.0132797	0.146885	0.214222	0.31276	0.475797	0.754431	1.40271
0.279738	0.013362	0.146838	0.214149	0.312402	0.475144	0.753437	1.4015
0.2821	0.0132714	0.146677	0.213975	0.312089	0.474515	0.752375	1.3998
0.284475	0.0132352	0.146598	0.213799	0.31172	0.473884	0.751241	1.39858
0.286862	0.0133249	0.146585	0.213711	0.311468	0.473113	0.750123	1.39714
0.289263	0.0133156	0.146469	0.213473	0.311153	0.472615	0.749053	1.39581
0.291687	0.0132847	0.146393	0.213376	0.310848	0.471965	0.748059	1.3945
0.294125	0.0132963	0.14636	0.213194	0.310509	0.471375	0.747055	1.39299
0.296575	0.0133749	0.146275	0.212993	0.310213	0.47075	0.746012	1.39184
0.29905	0.0133363	0.146112	0.21285	0.309876	0.470206	0.745007	1.39045
0.301538	0.0132975	0.146075	0.212723	0.309544	0.46963	0.744035	1.38904
0.304038	0.0133339	0.146015	0.212634	0.309317	0.468975	0.743101	1.38782
0.306563	0.0133641	0.145924	0.212422	0.309048	0.468496	0.742066	1.38649
0.3091	0.0133145	0.145864	0.212419	0.308785	0.467911	0.741192	1.38537
0.311662	0.0133523	0.145807	0.212213	0.308486	0.467392	0.740202	1.38402
0.314238	0.0133991	0.145758	0.212032	0.308176	0.466836	0.739162	1.38276
0.316837	0.0133736	0.145607	0.21196	0.307927	0.466338	0.738336	1.38126
0.31945	0.0133629	0.14558	0.211845	0.307623	0.465781	0.737311	1.38033
0.322075	0.0134937	0.145617	0.211708	0.307411	0.465226	0.736396	1.37908
0.324725	0.0133917	0.145487	0.211547	0.307103	0.464744	0.735464	1.37778
0.327388	0.0134333	0.145472	0.211476	0.306946	0.464161	0.734586	1.37652
0.330075	0.0134807	0.145391	0.211263	0.306677	0.46357	0.733632	1.37531
0.332788	0.0134282	0.145281	0.211104	0.306343	0.463121	0.732701	1.37424
0.3355	0.0134519	0.145258	0.211055	0.306043	0.462644	0.73187	1.37305
0.33825	0.0134775	0.145178	0.210966	0.30586	0.462045	0.730851	1.372
0.341013	0.0135031	0.145122	0.21081	0.305586	0.461575	0.730024	1.37063
0.343787	0.0135086	0.14515	0.210734	0.305375	0.461136	0.729182	1.36944
0.346588	0.0134879	0.145026	0.210578	0.305214	0.460578	0.728344	1.36838
0.3494	0.0135078	0.144967	0.21042	0.304838	0.460162	0.727586	1.36731
0.352237	0.0134636	0.144927	0.210402	0.304602	0.459625	0.726791	1.3662
0.3551	0.0135314	0.144854	0.210201	0.304432	0.459124	0.725816	1.36525
0.357975	0.0135464	0.144839	0.21013	0.304168	0.458755	0.725078	1.36429
0.360875	0.0135691	0.144835	0.210092	0.303994	0.458303	0.724287	1.36333
0.363788	0.0135552	0.144702	0.209981	0.303858	0.457839	0.723449	1.36206
0.366725	0.0135579	0.144678	0.209807	0.303565	0.457425	0.722715	1.36081
0.369687	0.0136015	0.144697	0.209782	0.303318	0.456896	0.721933	1.36002
0.372663	0.0136505	0.144583	0.209631	0.303165	0.456556	0.721128	1.3589
0.375663	0.0135925	0.14452	0.209524	0.30295	0.456139	0.720399	1.35779
0.378688	0.0136662	0.144487	0.209514	0.302763	0.455632	0.719622	1.35686
0.381725	0.0136726	0.1444	0.209377	0.302582	0.455319	0.718816	1.3557
0.384787	0.0136104	0.14436	0.209276	0.302352	0.454775	0.7181	1.35468
0.387875	0.0136823	0.144367	0.209179	0.302127	0.454344	0.717394	1.35369
0.390975	0.0137111	0.144278	0.209094	0.301969	0.454022	0.716663	1.35269
0.3941	0.0137461	0.144274	0.209017	0.301791	0.453579	0.715921	1.35159
0.39725	0.0137411	0.144146	0.208938	0.301604	0.453281	0.715181	1.35055
0.400412	0.0136719	0.144113	0.20885	0.301309	0.452852	0.714487	1.34963
0.403612	0.0137913	0.144144	0.208751	0.301132	0.452363	0.713747	1.34863
0.406825	0.0137624	0.144095	0.208644	0.300954	0.452045	0.713013	1.34784
0.410062	0.013721	0.14406	0.208565	0.300842	0.451662	0.712414	1.34669
0.413312	0.0138665	0.143993	0.208505	0.300612	0.451313	0.711709	1.34581
0.4166	0.0137974	0.143919	0.208428	0.300421	0.451001	0.711019	1.34491
0.4199	0.0137909	0.143915	0.20834	0.300249	0.450537	0.710277	1.34385
0.423225	0.0138462	0.143859	0.208239	0.300067	0.450239	0.7096	1.34274
0.426575	0.0138235	0.143834	0.208177	0.299966	0.449865	0.708888	1.3417
0.42995	0.0139392	0.143845	0.208054	0.29978	0.44952	0.708313	1.34091
0.43335	0.013877	0.143725	0.208	0.299594	0.449164	0.70766	1.34021
0.436763	0.013838	0.143711	0.207899	0.299475	0.448728	0.706973	1.33912
0.440212	0.0138585	0.143663	0.207819	0.299207	0.448462	0.70628	1.33815
0.443675	0.01386	0.143668	0.207848	0.299081	0.448121	0.705586	1.33713
0.447163	0.0139787	0.143667	0.207707	0.298956	0.447788	0.705007	1.33628
0.450687	0.0139241	0.143594	0.207725	0.298737	0.44742	0.704407	1.33544
0.454225	0.0139503	0.143534	0.207641	0.298662	0.447039	0.703678	1.33454
0.457788	0.0139484	0.143482	0.207501	0.298476	0.446742	0.703016	1.33354
0.461375	0.0139437	0.143482	0.207488	0.298344	0.446431	0.702318	1.33273
0.464987	0.0140705	0.143414	0.207344	0.298188	0.446145	0.701825	1.33178
0.468625	0.0140225	0.143372	0.207305	0.298102	0.445817	0.701279	1.33078
0.472288	0.0140667	0.143378	0.207217	0.297943	0.445441	0.700574	1.33001
0.475987	0.0139956	0.14336	0.20719	0.297798	0.445164	0.700027	1.32905
0.4797	0.0141002	0.143277	0.207138	0.297756	0.444873	0.699391	1.32814
0.483438	0.0140678	0.143259	0.207064	0.297537	0.444616	0.698918	1.32729
0.487213	0.0141215	0.143242	0.206945	0.297429	0.444199	0.69823	1.32645
0.491	0.0141181	0.143228	0.206874	0.29726	0.443937	0.697647	1.32566
0.494825	0.0141141	0.143232	0.206848	0.297154	0.443567	0.696952	1.32467
0.498663	0.0141433	0.143161	0.206756	0.297011	0.443313	0.696361	1.32365
0.502537	0.0141741	0.143171	0.206762	0.296826	0.442997	0.695837	1.32278
0.506437	0.014205	0.143139	0.206687	0.2967	0.44278	0.695192	1.32202
0.510363	0.0141877	0.143156	0.206654	0.296618	0.442429	0.694625	1.32089
0.514313	0.0142237	0.143097	0.206562	0.29649	0.442159	0.693977	1.32033
0.5183	0.0142368	0.143091	0.2065	0.296372	0.441816	0.69343	1.31936
0.5223	0.0142612	0.143036	0.206474	0.296215	0.441508	0.692829	1.3184
0.526338	0.0143196	0.143055	0.206392	0.296117	0.441203	0.692293	1.31751
0.530412	0.0143081	0.143009	0.206336	0.296048	0.440932	0.691669	1.31661
0.5345	0.0142709	0.143007	0.206303	0.295935	0.440645	0.691132	1.31575
0.538625	0.0143708	0.142984	0.206214	0.295708	0.440316	0.690483	1.31495
0.542775	0.0143157	0.142913	0.206233	0.295605	0.440121	0.689962	1.31403
0.54695	0.0144055	0.142906	0.206161	0.295508	0.439852	0.689353	1.31315
0.55115	0.0143826	0.142876	0.206138	0.295443	0.439529	0.688786	1.3123
0.555387	0.0144162	0.142848	0.206028	0.295259	0.439176	0.688247	1.31145
0.559663	0.0144164	0.14288	0.206027	0.295122	0.438949	0.687659	1.31054
0.56395	0.0145102	0.142808	0.205972	0.295045	0.43868	0.687116	1.30966
0.568275	0.0144644	0.142805	0.205965	0.294954	0.438384	0.68649	1.30877
0.572637	0.014518	0.142827	0.205839	0.294774	0.438098	0.685893	1.30786
0.577012	0.0144967	0.142823	0.205901	0.294653	0.43784	0.685346	1.30714
0.581438	0.0145398	0.142755	0.205765	0.294612	0.437591	0.684755	1.30616
0.585875	0.0145335	0.142728	0.205735	0.294503	0.437301	0.684214	1.30522
0.59035	0.0145148	0.142736	0.205657	0.294324	0.437015	0.683636	1.30437
0.594863	0.0145618	0.142759	0.205643	0.294289	0.436772	0.682999	1.3035
0.5994	0.0145913	0.142664	0.205592	0.294115	0.436502	0.682521	1.30253
0.603975	0.0145753	0.142607	0.205539	0.294013	0.436191	0.68188	1.30182
0.608575	0.0145637	0.142642	0.205501	0.293817	0.435957	0.681334	1.30086
0.613213	0.0146477	0.142631	0.205453	0.293774	0.435715	0.680815	1.30006
0.617875	0.0146353	0.142592	0.205477	0.293668	0.435407	0.680285	1.29917
0.622575	0.0146281	0.14256	0.205381	0.293532	0.435122	0.679606	1.2982
0.627312	0.0146655	0.142613	0.20533	0.293482	0.434821	0.679036	1.29738
0.632075	0.0147108	0.142549	0.205285	0.293409	0.434655	0.678516	1.29647
0.636875	0.0147431	0.142563	0.205242	0.293305	0.434332	0.67797	1.29574
0.6417	0.0146892	0.142487	0.205162	0.293107	0.434085	0.677354	1.29475
0.646563	0.0147494	0.142455	0.20511	0.293086	0.433854	0.676899	1.29379
0.651462	0.0147377	0.142478	0.205114	0.292989	0.43361	0.676306	1.2928
0.656388	0.0147486	0.142451	0.205096	0.292805	0.433318	0.675671	1.29211
0.661363	0.014814	0.142445	0.205003	0.292732	0.432993	0.675064	1.29105
0.666363	0.0147948	0.142423	0.204956	0.292686	0.43277	0.67454	1.29018
0.6714	0.0148444	0.142448	0.20487	0.292601	0.432498	0.673887	1.28932
0.676462	0.0148176	0.142394	0.204918	0.292434	0.432251	0.673316	1.28837
0.681562	0.0148478	0.142415	0.204819	0.292349	0.431976	0.672764	1.2876
0.686713	0.0148767	0.142343	0.204778	0.292331	0.431692	0.672212	1.28659
0.691887	0.0148882	0.142358	0.20483	0.292162	0.431425	0.671629	1.28571
0.6971	0.0149157	0.142312	0.204727	0.292078	0.431171	0.671044	1.2849
0.70235	0.0149541	0.142335	0.204665	0.292004	0.430886	0.670486	1.28383
0.707625	0.0149361	0.142298	0.204681	0.291825	0.430623	0.669961	1.28286
0.71295	0.014972	0.142251	0.204676	0.291755	0.430413	0.669335	1.28216
0.718313	0.0149931	0.142237	0.204615	0.291631	0.430075	0.66873	1.28115
0.7237	0.0150299	0.142274	0.204572	0.291512	0.429844	0.668181	1.28017
0.729137	0.0150565	0.14224	0.204555	0.291518	0.429567	0.667559	1.27936
0.7346	0.0150623	0.142233	0.204514	0.291429	0.429273	0.666985	1.27841
0.740112	0.0150325	0.14222	0.204464	0.29125	0.429041	0.66639	1.27756
0.745663	0.0150907	0.142183	0.204466	0.291178	0.4288	0.665821	1.27677
0.751238	0.0150817	0.142147	0.204406	0.291137	0.428538	0.665264	1.27582
0.756863	0.0150814	0.142167	0.204373	0.290954	0.428283	0.66468	1.27489
0.762525	0.0151736	0.142164	0.204313	0.290805	0.428006	0.664087	1.274
0.768225	0.0151475	0.142101	0.204286	0.290794	0.427708	0.663508	1.27291
0.773975	0.0151278	0.142089	0.204299	0.290638	0.427448	0.66292	1.27213
0.77975	0.0151836	0.142057	0.204238	0.290532	0.427202	0.662316	1.27116
0.785575	0.0151907	0.142065	0.204236	0.290505	0.426937	0.661714	1.27027
0.791438	0.0151865	0.142036	0.204187	0.290393	0.426678	0.661219	1.2694
0.797337	0.0152121	0.142001	0.204112	0.290279	0.426413	0.660632	1.26853
0.803275	0.0152465	0.141972	0.204085	0.290236	0.426138	0.659961	1.26755
0.809263	0.0152141	0.141924	0.204054	0.290049	0.425898	0.659469	1.26668
0.815287	0.0152368	0.141913	0.203987	0.290021	0.425669	0.658881	1.26571
0.82135	0.0152781	0.141889	0.203932	0.289907	0.425405	0.658287	1.26476
0.827462	0.0152794	0.141897	0.203924	0.289787	0.425087	0.657637	1.26376
0.833613	0.0153103	0.141911	0.203881	0.289742	0.424803	0.657073	1.26288
0.839813	0.0152929	0.141889	0.203856	0.28966	0.42458	0.656446	1.26196
0.84605	0.0153563	0.141849	0.203814	0.28951	0.424301	0.655846	1.26109
0.852325	0.0153774	0.141883	0.203738	0.289468	0.424057	0.655329	1.2602
0.85865	0.0153669	0.141822	0.203767	0.289351	0.423763	0.654713	1.25927
0.865025	0.0154078	0.141798	0.203742	0.289268	0.423528	0.654121	1.25826
0.871437	0.0154356	0.141791	0.203686	0.289167	0.423277	0.653562	1.25736
0.877887	0.0154371	0.141808	0.203711	0.289054	0.422965	0.652965	1.25645
0.884387	0.0154627	0.141763	0.203635	0.288947	0.422716	0.652345	1.25547
0.890938	0.0154872	0.141784	0.203627	0.288906	0.42246	0.651777	1.25457
0.897525	0.0155045	0.141813	0.203541	0.288812	0.422199	0.651212	1.25372
0.904163	0.0155105	0.141765	0.203502	0.288712	0.421898	0.650543	1.25281
0.91085	0.0155137	0.141788	0.203483	0.288637	0.421611	0.650056	1.25188
0.917575	0.015508	0.141739	0.203483	0.288554	0.42143	0.649435	1.25091
0.92435	0.0155695	0.141778	0.203434	0.288409	0.421183	0.648856	1.24993
0.931175	0.0155976	0.141729	0.20344	0.288265	0.420876	0.648231	1.24905
0.93805	0.015582	0.141691	0.203349	0.288217	0.420611	0.647683	1.24817
0.944963	0.0156059	0.141703	0.203375	0.288088	0.420365	0.647043	1.24721
0.951937	0.0156214	0.141686	0.203355	0.288024	0.420071	0.646502	1.24637
0.95895	0.0156159	0.141693	0.203321	0.287966	0.419813	0.645928	1.24544
0.966012	0.0156443	0.141649	0.203276	0.287819	0.419604	0.645327	1.24458
0.973125	0.0156187	0.141634	0.203222	0.287766	0.419359	0.644709	1.24364
0.980287	0.0156313	0.141574	0.203189	0.287656	0.419113	0.644165	1.24283
0.987487	0.0156497	0.14161	0.203152	0.287593	0.418866	0.643608	1.24182
0.99475	0.0156748	0.141609	0.203104	0.287501	0.418559	0.642992	1.24106
1.00206	0.0157294	0.141594	0.203057	0.287385	0.418264	0.642417	1.24004
1.00943	0.0156536	0.141569	0.203093	0.287377	0.418019	0.641816	1.23908
1.01684	0.0157239	0.141589	0.20304	0.287212	0.417751	0.641274	1.23828
1.0243	0.0157062	0.141541	0.20302	0.287143	0.417522	0.640704	1.23734
1.03182	0.0157742	0.141557	0.202984	0.287062	0.41727	0.640128	1.23649
1.03939	0.0157955	0.14153	0.202901	0.28697	0.416998	0.639603	1.23557
1.04701	0.015778	0.141496	0.202931	0.28692	0.416733	0.63906	1.23468
1.05469	0.0158297	0.141547	0.202886	0.286871	0.416437	0.638484	1.23378
1.06241	0.0157986	0.141556	0.202887	0.286743	0.416172	0.637894	1.2329
1.07019	0.0158425	0.141539	0.202819	0.286671	0.415914	0.63733	1.23202
1.07802	0.0158599	0.141542	0.202845	0.286569	0.415669	0.63678	1.23113
1.08591	0.0158704	0.141487	0.202807	0.286447	0.415432	0.636219	1.23035
1.09385	0.0159028	0.141497	0.20281	0.286389	0.415157	0.63573	1.22946
1.10185	0.015917	0.141476	0.20279	0.286277	0.414885	0.635116	1.22865
1.10991	0.0159003	0.141475	0.202765	0.286224	0.414648	0.634598	1.22766
1.11801	0.0159089	0.141459	0.202741	0.286117	0.414429	0.634059	1.22691
1.12619	0.0159479	0.141443	0.202704	0.286068	0.414184	0.633505	1.22604
1.1344	0.0159411	0.141436	0.202652	0.285956	0.413936	0.632931	1.2253
1.14269	0.0159597	0.141403	0.202627	0.28587	0.413683	0.632398	1.22435
1.15103	0.0159523	0.141408	0.202616	0.285772	0.413441	0.631887	1.22356
1.15941	0.0159507	0.141364	0.202592	0.285706	0.413183	0.631299	1.22279
1.16786	0.0160111	0.141409	0.202535	0.285608	0.412923	0.630744	1.22182
1.17638	0.0159691	0.141338	0.20252	0.285575	0.412678	0.630186	1.22111
1.18495	0.0160313	0.141364	0.202495	0.285456	0.412445	0.629655	1.22033
1.19358	0.0160444	0.141334	0.202513	0.285447	0.412222	0.62914	1.21952
1.20226	0.0160689	0.141341	0.202435	0.285317	0.41195	0.628623	1.21871
1.21101	0.0160784	0.141351	0.20239	0.285226	0.411724	0.628106	1.21785
1.21983	0.0160833	0.141334	0.202388	0.285148	0.411453	0.627548	1.21706
1.2287	0.0161107	0.141359	0.202394	0.285091	0.411193	0.627003	1.21623
1.23763	0.0161486	0.141347	0.202371	0.284996	0.410958	0.626465	1.21548
1.24662	0.0161647	0.141354	0.202354	0.284902	0.410765	0.626017	1.21477
1.25569	0.0161795	0.141346	0.202315	0.284803	0.410503	0.625537	1.21394
1.2648	0.0161981	0.141326	0.202326	0.284756	0.41031	0.624997	1.2132
1.27399	0.0162151	0.141328	0.202279	0.28465	0.410049	0.624447	1.21237
1.28324	0.016225	0.14132	0.202263	0.284563	0.40985	0.623949	1.21161
1.29254	0.0162225	0.141348	0.202244	0.284449	0.409603	0.623503	1.21084
1.30192	0.0162623	0.141326	0.202226	0.284405	0.409377	0.62299	1.21008
1.31136	0.0162365	0.141298	0.202167	0.284309	0.409147	0.622533	1.20942
1.32086	0.0162516	0.141275	0.202185	0.284227	0.408956	0.621982	1.20861
1.33044	0.0162751	0.141273	0.202127	0.28414	0.408723	0.621562	1.2079
1.34008	0.0163123	0.141252	0.202114	0.284033	0.408506	0.621062	1.2072
1.34977	0.016309	0.141253	0.202072	0.283976	0.408293	0.620606	1.20652
1.35955	0.0163246	0.141226	0.202053	0.283922	0.408081	0.6201	1.20577
1.36939	0.0163479	0.141255	0.202012	0.283858	0.407826	0.619638	1.20504
1.3793	0.01635	0.141222	0.20199	0.283763	0.407611	0.619087	1.20424
1.38927	0.0164001	0.14125	0.201972	0.283671	0.407395	0.618635	1.20356
1.39933	0.0164227	0.141295	0.201999	0.283626	0.407127	0.618142	1.20298
1.40944	0.016463	0.141253	0.201938	0.283566	0.406932	0.617703	1.2022
1.41963	0.016478	0.141258	0.201911	0.283466	0.406729	0.617235	1.2016
1.42988	0.0164806	0.141223	0.201942	0.2834	0.406532	0.616783	1.20081
1.44021	0.0165333	0.141277	0.201874	0.283309	0.406321	0.616298	1.20007
1.4506	0.016528	0.141248	0.201907	0.283265	0.406111	0.615844	1.19949
1.46107	0.0165596	0.141251	0.201899	0.283161	0.405911	0.615401	1.19881
1.47162	0.016569	0.141245	0.201847	0.283112	0.405683	0.614943	1.19823
1.48224	0.0165611	0.141235	0.201824	0.282964	0.405503	0.614517	1.19751
1.49293	0.0165789	0.141205	0.201825	0.282941	0.405313	0.614091	1.19688
1.50369	0.0166104	0.141204	0.201789	0.282877	0.405097	0.613581	1.19628
1.51453	0.0166407	0.141183	0.201767	0.28279	0.404934	0.613152	1.19562
1.52545	0.0166374	0.141175	0.201741	0.282788	0.40474	0.612748	1.19493
1.53644	0.01668	0.141181	0.201691	0.282683	0.404503	0.612265	1.19436
1.5475	0.0166639	0.141147	0.201687	0.282598	0.404273	0.611821	1.19369
1.55864	0.0167142	0.141187	0.201729	0.282541	0.404103	0.611404	1.19311
1.56986	0.0167589	0.141215	0.201647	0.282523	0.403852	0.610926	1.1925
1.58116	0.0167769	0.141147	0.201665	0.282383	0.403699	0.610566	1.19191
1.59254	0.016763	0.141186	0.201614	0.282383	0.403546	0.610157	1.19126
1.60399	0.0168047	0.141187	0.201631	0.282312	0.403311	0.609731	1.19064
1.61553	0.0168082	0.141175	0.201621	0.282229	0.403108	0.609339	1.1901
1.62714	0.01685	0.141191	0.201588	0.282158	0.402927	0.608942	1.18951
1.63884	0.0168279	0.141157	0.201582	0.282099	0.402742	0.60853	1.18899
1.65061	0.0168437	0.141167	0.201605	0.281991	0.402588	0.608164	1.18837
1.66246	0.0168659	0.141154	0.201543	0.28196	0.402406	0.607771	1.1878
1.67441	0.0168639	0.141172	0.201499	0.281944	0.402189	0.607339	1.18724
1.68642	0.0168804	0.141143	0.201492	0.281846	0.402032	0.606983	1.18671
1.69854	0.0168726	0.141132	0.201479	0.2818	0.401835	0.606581	1.18608
1.71072	0.0169175	0.141149	0.201439	0.281724	0.40165	0.606142	1.18543
1.723	0.0169412	0.141126	0.201449	0.281656	0.401464	0.60578	1.18492
1.73536	0.0169473	0.141172	0.201419	0.281646	0.401271	0.605378	1.18439
1.7478	0.0169701	0.141127	0.201418	0.281553	0.401121	0.605022	1.18379
1.76034	0.0169951	0.14118	0.201389	0.281505	0.400942	0.604692	1.18333
1.77295	0.0170238	0.141179	0.201377	0.281467	0.400735	0.604274	1.18269
1.78566	0.0170034	0.141149	0.201397	0.281349	0.400537	0.603921	1.18221
1.79845	0.0170464	0.14118	0.201391	0.281305	0.400388	0.603631	1.18174
1.81134	0.0170668	0.141152	0.201356	0.281212	0.40027	0.603243	1.18117
1.8243	0.0170558	0.14114	0.201382	0.281128	0.400106	0.602864	1.18071
1.83736	0.017057	0.141146	0.201316	0.281122	0.399898	0.602543	1.18021
1.85051	0.0170479	0.141126	0.20132	0.281041	0.399752	0.602201	1.17969
1.86376	0.0170535	0.14111	0.201291	0.280999	0.399578	0.601858	1.17923
1.8771	0.0171014	0.141121	0.201246	0.280973	0.399405	0.601466	1.1787
1.89052	0.0170989	0.141105	0.201264	0.280885	0.399262	0.601152	1.17824
1.90405	0.0171454	0.141126	0.20124	0.280802	0.399077	0.600767	1.17772
1.91766	0.0171307	0.141135	0.201243	0.280766	0.398896	0.600435	1.17721
1.93136	0.0171587	0.141153	0.201233	0.280762	0.398744	0.600111	1.17673
1.94518	0.0171975	0.141159	0.201222	0.280662	0.398526	0.599759	1.17624
1.95907	0.0172091	0.141171	0.201238	0.280582	0.398391	0.599465	1.17586
1.97306	0.0172267	0.14118	0.201207	0.280543	0.398212	0.599163	1.17542
1.98716	0.0172365	0.141144	0.201195	0.28048	0.398112	0.598794	1.17493
2.00135	0.0172517	0.141165	0.201167	0.280437	0.397935	0.59852	1.17448
2.01564	0.0172342	0.14113	0.201173	0.280397	0.3978	0.598194	1.17409
2.03003	0.0172397	0.14113	0.201123	0.280333	0.397668	0.597867	1.17362
2.04451	0.0172816	0.141112	0.201089	0.280266	0.397516	0.597531	1.17318
2.0591	0.0172771	0.141123	0.201103	0.280224	0.397394	0.597216	1.1727
2.07379	0.0173233	0.141157	0.201092	0.280191	0.397236	0.596872	1.17228
2.08857	0.0173268	0.141151	0.201038	0.280138	0.397058	0.596545	1.17178
2.10348	0.0173308	0.141163	0.201051	0.280045	0.396877	0.596242	1.17138
2.11846	0.0173773	0.141169	0.201065	0.280001	0.396718	0.595944	1.17099
2.13356	0.0173943	0.141176	0.20105	0.279967	0.396603	0.595658	1.17058
2.14878	0.0174016	0.141172	0.201023	0.279855	0.396463	0.595346	1.17004
2.16409	0.0174127	0.14118	0.201049	0.279814	0.396343	0.595076	1.16965
2.1795	0.0174135	0.141166	0.201028	0.279764	0.396138	0.594733	1.16925
2.19502	0.0174141	0.141106	0.200993	0.279707	0.396034	0.594452	1.16882
2.21065	0.0174295	0.141112	0.200967	0.279647	0.395918	0.594159	1.16842
2.2264	0.0174399	0.141107	0.200947	0.279611	0.395804	0.593829	1.16808
2.24224	0.0174534	0.141149	0.200923	0.279579	0.395623	0.593502	1.16768
2.2582	0.0174656	0.141138	0.200922	0.279523	0.395494	0.593226	1.16724
2.27428	0.0175059	0.14116	0.200908	0.27949	0.395329	0.592974	1.16685
2.29045	0.0175308	0.141168	0.20092	0.279437	0.395183	0.592675	1.16646
2.30675	0.0175247	0.141141	0.200898	0.279381	0.395046	0.592401	1.1661
2.32315	0.01754	0.141169	0.200868	0.279304	0.394924	0.59209	1.1657
2.33966	0.0175299	0.141171	0.200886	0.279298	0.394785	0.591855	1.16536
2.3563	0.0175226	0.141132	0.200853	0.279208	0.394656	0.591576	1.16506
2.37305	0.0175306	0.141112	0.200835	0.279198	0.394542	0.591313	1.1646
2.38991	0.0175155	0.141108	0.200793	0.279171	0.394417	0.591004	1.1643
2.4069	0.0175401	0.141141	0.200777	0.279123	0.394275	0.590702	1.1639
2.424	0.0175526	0.141139	0.200762	0.279075	0.394147	0.590438	1.16349
2.44121	0.0175868	0.141181	0.200757	0.279052	0.393971	0.590184	1.16319
2.45855	0.0175854	0.141159	0.200784	0.279016	0.393828	0.589899	1.16283
2.47601	0.0176001	0.141185	0.200753	0.278992	0.393702	0.589667	1.16246
2.49359	0.0175961	0.141176	0.200766	0.278919	0.393571	0.589419	1.16212
2.51129	0.0176046	0.141163	0.200762	0.278855	0.39341	0.589134	1.16177
2.52911	0.017604	0.141146	0.200715	0.278795	0.393338	0.588934	1.16151
2.54706	0.0175748	0.141137	0.200709	0.278778	0.393185	0.588634	1.16106
2.56514	0.0175837	0.141137	0.200688	0.278701	0.393047	0.588376	1.16076
2.58332	0.0176124	0.141151	0.200676	0.278689	0.392935	0.588097	1.16042
2.60165	0.0176267	0.141144	0.200676	0.278657	0.392808	0.587844	1.16002
2.6201	0.0176428	0.141179	0.200671	0.278602	0.392646	0.58759	1.15966
2.63867	0.0176647	0.141195	0.200683	0.278583	0.392507	0.587394	1.15939
2.65739	0.0176717	0.141191	0.200692	0.278497	0.392375	0.587188	1.15905
2.67622	0.0176976	0.141171	0.20069	0.27847	0.392247	0.586953	1.15877
2.69519	0.0176636	0.141158	0.200659	0.278414	0.392155	0.586737	1.15843
2.71429	0.0176716	0.141122	0.200657	0.278354	0.392004	0.58645	1.15807
2.73351	0.0176721	0.14115	0.200657	0.278338	0.391886	0.586206	1.15779
2.75288	0.0177098	0.141133	0.20061	0.278251	0.391755	0.585976	1.15745
2.77238	0.0177217	0.141116	0.200592	0.27824	0.391631	0.585722	1.15709
2.79201	0.0177297	0.141148	0.200585	0.278213	0.391466	0.585455	1.1568
2.81177	0.0177553	0.141153	0.200594	0.278124	0.391315	0.585268	1.15649
2.83169	0.0177574	0.141136	0.200582	0.278066	0.391201	0.584999	1.15617
2.85173	0.0177635	0.14114	0.200552	0.277993	0.391074	0.584781	1.15587
2.87191	0.0177368	0.141133	0.200535	0.277906	0.390952	0.584558	1.1555
2.89224	0.0177317	0.141132	0.200509	0.277853	0.390862	0.584299	1.15523
2.9127	0.0177387	0.14113	0.200457	0.277822	0.390751	0.58408	1.15497
2.93331	0.0177316	0.141135	0.200449	0.277803	0.390642	0.583822	1.1546
2.95405	0.0177507	0.141153	0.200463	0.277749	0.390488	0.583552	1.15439
2.97495	0.017758	0.141185	0.200462	0.277667	0.390353	0.583355	1.15408
2.99599	0.0177779	0.141201	0.200443	0.277634	0.390257	0.583131	1.15378
3.01716	0.0177731	0.141205	0.200445	0.277609	0.390118	0.582927	1.1535
3.0385	0.0177382	0.14122	0.200446	0.277523	0.390028	0.582704	1.15325
3.05997	0.0177608	0.141197	0.20043	0.277477	0.389924	0.58246	1.1529
3.0816	0.0177553	0.141193	0.200403	0.27747	0.389823	0.582217	1.15263
3.10337	0.0177575	0.141213	0.200384	0.277433	0.389718	0.581971	1.15233
3.12531	0.0177779	0.141218	0.200405	0.277403	0.38956	0.581707	1.15207
3.14739	0.0177887	0.141236	0.200392	0.277373	0.38946	0.58154	1.15183
3.16961	0.017835	0.141228	0.20041	0.277336	0.389335	0.581324	1.15161
3.192	0.0178168	0.141256	0.200393	0.277289	0.389219	0.5811	1.15132
3.21455	0.0178623	0.141231	0.20041	0.277211	0.389132	0.580921	1.1511
3.23725	0.0178298	0.141195	0.200375	0.2772	0.389032	0.580703	1.15082
3.2601	0.017861	0.141193	0.200351	0.277172	0.388947	0.580487	1.15056
3.28311	0.0178988	0.141204	0.20034	0.277139	0.38881	0.580222	1.15029
3.30629	0.0179139	0.141203	0.200354	0.277124	0.388724	0.580054	1.15001
3.32962	0.0179398	0.14121	0.200356	0.277072	0.388567	0.579818	1.14978
3.35311	0.0179602	0.141218	0.200358	0.277014	0.388446	0.579644	1.14951
3.37678	0.0179901	0.141201	0.200376	0.276932	0.388355	0.579446	1.14926
3.4006	0.0179754	0.141177	0.200328	0.276909	0.388272	0.579239	1.14904
3.42459	0.0179913	0.141169	0.200304	0.276842	0.388133	0.579037	1.14877
3.44874	0.018006	0.141179	0.200277	0.276803	0.388019	0.578812	1.14853
3.47306	0.0180365	0.141182	0.20028	0.276773	0.387916	0.578624	1.14823
3.49755	0.018061	0.141178	0.200287	0.276731	0.387769	0.57837	1.14797
3.52221	0.0180876	0.141203	0.200268	0.276661	0.387664	0.578223	1.14779
3.54704	0.0180955	0.141187	0.200268	0.276598	0.387564	0.578034	1.14752
3.57205	0.0180774	0.141181	0.200255	0.27653	0.387467	0.577822	1.14726
3.59722	0.0180804	0.141171	0.200206	0.27647	0.38735	0.577624	1.14701
3.62258	0.0181109	0.141166	0.200195	0.276464	0.387285	0.577391	1.14673
3.6481	0.0180978	0.141215	0.200188	0.276435	0.387157	0.577202	1.14651
3.6738	0.018098	0.141223	0.200197	0.276374	0.387005	0.576997	1.14622
3.69969	0.0181195	0.141211	0.200191	0.276341	0.386919	0.576806	1.14596
3.72575	0.0181062	0.141228	0.200172	0.276268	0.386798	0.576572	1.14575
3.75199	0.0180717	0.14122	0.200162	0.276241	0.386713	0.576377	1.14558
3.77841	0.0180842	0.141223	0.200136	0.276184	0.386612	0.576186	1.14531
3.80501	0.018084	0.141216	0.200118	0.276171	0.386539	0.575986	1.14508
3.83181	0.0181073	0.141259	0.200127	0.276118	0.386389	0.575779	1.1448
3.85879	0.0181462	0.141239	0.200122	0.276086	0.386289	0.575613	1.14464
3.88595	0.0181465	0.141279	0.20011	0.276056	0.386168	0.575428	1.1444
3.9133	0.018141	0.141231	0.200099	0.275979	0.386096	0.575291	1.1442
3.94084	0.0181457	0.141234	0.200099	0.275957	0.386024	0.575096	1.14398
3.96858	0.0181434	0.141242	0.200033	0.275934	0.38593	0.574885	1.14371
3.9965	0.0181963	0.141257	0.200065	0.275907	0.385803	0.574705	1.14352
4.02461	0.0182173	0.141258	0.200036	0.275872	0.385699	0.574527	1.14327
4.05293	0.0182335	0.141279	0.200071	0.275818	0.385557	0.574344	1.14311
4.08144	0.0182398	0.141258	0.200081	0.275769	0.385498	0.57423	1.1429
4.11015	0.0182171	0.141235	0.200057	0.275726	0.385399	0.574021	1.14265
4.13905	0.0182286	0.141206	0.200023	0.275692	0.385298	0.573835	1.14249
4.16816	0.0182743	0.14122	0.200014	0.275658	0.385182	0.573645	1.14223
4.19746	0.0182754	0.141231	0.20003	0.275621	0.385064	0.573492	1.14198
4.22697	0.018307	0.141262	0.200051	0.275578	0.384925	0.573341	1.14177
4.2567	0.0183092	0.141212	0.200036	0.275475	0.384855	0.573199	1.14156
4.28661	0.018282	0.141219	0.200017	0.275441	0.384746	0.572988	1.14138
4.31675	0.0183101	0.141227	0.199991	0.275395	0.384645	0.572829	1.14113
4.34709	0.0183265	0.14124	0.199981	0.275395	0.384515	0.572635	1.14092
4.37764	0.0183451	0.141282	0.19999	0.275329	0.38443	0.572492	1.14074
4.40839	0.018358	0.141286	0.199981	0.275283	0.384312	0.572332	1.1405
4.43936	0.0183376	0.141302	0.199971	0.275233	0.384222	0.572135	1.14032
4.47055	0.0183205	0.141264	0.199938	0.275176	0.384155	0.571979	1.14016
4.50196	0.0183449	0.14128	0.199905	0.27518	0.38405	0.57177	1.13999
4.53358	0.0183663	0.141302	0.199913	0.275122	0.383928	0.571611	1.13983
4.56542	0.0183975	0.141295	0.199916	0.275098	0.383813	0.571472	1.13967
4.59749	0.0183794	0.141319	0.19991	0.275004	0.383731	0.571315	1.13946
4.62976	0.0183777	0.141273	0.199896	0.274984	0.383647	0.571175	1.1393
4.66227	0.0183819	0.141261	0.199859	0.27494	0.383559	0.570969	1.13907
4.69501	0.0184111	0.141295	0.19986	0.274925	0.383471	0.570827	1.13889
4.72796	0.018437	0.141303	0.199856	0.274894	0.383349	0.570663	1.13872
4.76116	0.0184455	0.14131	0.199874	0.274804	0.383271	0.570525	1.13858
4.79458	0.0184506	0.141281	0.199842	0.274743	0.383198	0.570376	1.1384
4.82823	0.0184528	0.141277	0.199805	0.27473	0.383101	0.5702	1.1382
4.86211	0.0185062	0.14127	0.199787	0.274673	0.383028	0.570046	1.13804
4.89622	0.0185529	0.1413	0.199781	0.274653	0.38291	0.56988	1.13781
4.93059	0.0185764	0.14131	0.199782	0.274589	0.382796	0.569758	1.13771
4.96518	0.0185584	0.141275	0.19975	0.274533	0.382742	0.569594	1.13753
5.00001	0.0185411	0.141287	0.199719	0.274512	0.382627	0.569402	1.13734
5.03509	0.0185448	0.141289	0.199706	0.274507	0.382535	0.569255	1.13714
5.0704	0.0185499	0.141315	0.199712	0.274469	0.3824	0.56911	1.13693
5.10596	0.0185456	0.141338	0.199719	0.274406	0.382313	0.568951	1.13676
5.14178	0.0184939	0.141311	0.199708	0.27434	0.382242	0.568805	1.13661
5.17782	0.0185032	0.1413	0.199706	0.274319	0.382162	0.568671	1.13641
5.21414	0.0185328	0.141311	0.199695	0.274308	0.382074	0.568462	1.1362
5.25069	0.0185732	0.141339	0.199722	0.27426	0.381928	0.568334	1.13608
5.2875	0.0185994	0.141333	0.19973	0.274202	0.381855	0.568214	1.13589
5.32457	0.0186095	0.141325	0.199717	0.274141	0.381782	0.568026	1.13574
5.3619	0.0186093	0.141295	0.19969	0.274132	0.38173	0.567852	1.13556
5.39948	0.0186348	0.141334	0.199699	0.274117	0.381589	0.567694	1.13541
5.43733	0.0186628	0.141365	0.199706	0.274053	0.381507	0.567548	1.13529
5.47542	0.018661	0.141338	0.199701	0.273992	0.381443	0.567422	1.13511
5.5138	0.0186475	0.141316	0.199657	0.273947	0.381371	0.56725	1.13494
5.55244	0.0186834	0.141352	0.199625	0.273901	0.381282	0.56708	1.13476
5.59134	0.0187123	0.141376	0.199629	0.273861	0.381152	0.566939	1.13462
5.63051	0.0187152	0.141385	0.199648	0.273804	0.38105	0.56684	1.13445
5.66995	0.0186834	0.141378	0.199638	0.273754	0.380994	0.5667	1.13423
5.70967	0.0186706	0.141365	0.199593	0.273749	0.380897	0.566536	1.13404
5.74966	0.0186966	0.141377	0.199592	0.273724	0.3808	0.566392	1.13386
5.78994	0.0187009	0.141412	0.199597	0.273676	0.380666	0.566286	1.13369
5.83049	0.018681	0.141396	0.199581	0.273622	0.380606	0.56616	1.13355
5.87131	0.018649	0.141372	0.19956	0.273599	0.380504	0.566024	1.13343
5.91244	0.0186786	0.141394	0.199544	0.273583	0.380433	0.565868	1.13328
5.95384	0.0186998	0.141431	0.199568	0.273522	0.380315	0.565776	1.13318
5.99551	0.0186734	0.141408	0.199564	0.273464	0.380238	0.565638	1.13305
6.03749	0.0186621	0.141391	0.199546	0.273433	0.380188	0.565525	1.13292
6.07976	0.0186672	0.141383	0.19952	0.273417	0.380103	0.565348	1.13278
6.12231	0.0187041	0.141402	0.199558	0.273357	0.38	0.56521	1.13264
6.16517	0.0187003	0.141395	0.19955	0.273308	0.379931	0.565076	1.13255
6.20832	0.0187124	0.141361	0.199531	0.273248	0.379902	0.564933	1.13236
6.25177	0.0187337	0.141383	0.199516	0.273235	0.37981	0.564768	1.1322
6.29553	0.0187689	0.141392	0.199542	0.273201	0.379654	0.564641	1.13202
6.33957	0.0187951	0.141412	0.199553	0.273138	0.379548	0.564528	1.1319
6.38394	0.0187918	0.141378	0.199515	0.273132	0.379466	0.564391	1.13178
6.4286	0.0188368	0.141405	0.199485	0.273101	0.37936	0.564267	1.1316
6.47358	0.0188575	0.141426	0.199465	0.273074	0.379253	0.564144	1.13144
6.51888	0.01884	0.14144	0.199449	0.272993	0.379181	0.564059	1.13137
6.56448	0.0188093	0.141432	0.199392	0.272962	0.379093	0.563888	1.13123
6.61039	0.0188347	0.141434	0.199378	0.272927	0.378998	0.563751	1.1311
6.65662	0.0188658	0.141473	0.199416	0.272868	0.378859	0.563639	1.13107
6.70319	0.0188579	0.141435	0.199404	0.272799	0.378812	0.563524	1.13092
6.75006	0.018883	0.14142	0.199382	0.272756	0.378781	0.563395	1.13085
6.79728	0.0189303	0.141422	0.199383	0.27274	0.378669	0.563217	1.13066
6.8448	0.0189399	0.14144	0.199408	0.272685	0.378594	0.563111	1.13057
6.89266	0.0189356	0.141436	0.199409	0.272632	0.378531	0.562968	1.13047
6.94086	0.0189466	0.141429	0.199368	0.272632	0.378466	0.562787	1.13033
6.98939	0.0189896	0.141465	0.199406	0.27262	0.378361	0.56266	1.13019
7.03825	0.0189717	0.141454	0.19939	0.272564	0.37828	0.562563	1.13011
7.08745	0.0189435	0.141431	0.199354	0.27253	0.378222	0.562427	1.12998
7.137	0.018964	0.141473	0.199356	0.272492	0.378094	0.56231	1.12985
7.18689	0.0189724	0.141494	0.199352	0.272442	0.377979	0.562228	1.12972
7.23711	0.0189382	0.14145	0.199339	0.272372	0.377911	0.562122	1.12961
7.2877	0.0189382	0.14147	0.199313	0.272348	0.377813	0.562006	1.12948
7.33862	0.0189433	0.141467	0.1993	0.272312	0.377723	0.56189	1.12943
7.38991	0.0189327	0.141475	0.199286	0.272237	0.37767	0.561794	1.1293
7.44155	0.0189242	0.141435	0.199248	0.272188	0.377634	0.56168	1.12916
7.49355	0.0189456	0.141464	0.199246	0.272164	0.377567	0.561567	1.12907
7.54591	0.0189524	0.141475	0.199266	0.272108	0.377518	0.561466	1.12897
7.59864	0.0189353	0.141452	0.199225	0.272077	0.377445	0.561359	1.12886
7.65172	0.0189615	0.141482	0.199205	0.27207	0.37735	0.561209	1.12871
7.70517	0.0189938	0.141507	0.199214	0.272041	0.377227	0.561118	1.12858
7.759	0.0189715	0.141507	0.199203	0.271986	0.377171	0.56102	1.1285
7.8132	0.0189874	0.141512	0.199144	0.272012	0.377076	0.560862	1.12832
7.86777	0.0190188	0.141542	0.199162	0.271999	0.376959	0.560747	1.12822
7.92273	0.0190174	0.141534	0.199181	0.271935	0.376898	0.560652	1.12809
7.97806	0.0190198	0.141511	0.199159	0.271908	0.376834	0.560497	1.12796
8.03378	0.0190958	0.141532	0.199187	0.271874	0.376741	0.560399	1.12782
8.08988	0.0191042	0.141526	0.199188	0.271784	0.376692	0.560357	1.12767
8.14637	0.0191083	0.141526	0.199135	0.271744	0.376638	0.560212	1.12751
8.20326	0.0191312	0.141563	0.199141	0.271717	0.376548	0.560122	1.12741
8.26054	0.0191075	0.141585	0.199147	0.27164	0.376467	0.560033	1.12733
8.31821	0.0191045	0.141578	0.199116	0.271615	0.376421	0.559884	1.12729
8.37629	0.0191387	0.141614	0.199099	0.27157	0.376323	0.559785	1.12722
8.43476	0.0191496	0.141617	0.199089	0.271499	0.37626	0.559685	1.1272
8.49365	0.0191526	0.141588	0.199066	0.271482	0.376168	0.559539	1.12707
8.55294	0.0192016	0.141623	0.199092	0.271482	0.376039	0.559454	1.12702
8.61264	0.0191856	0.141612	0.199117	0.271415	0.375965	0.559404	1.12695
8.67275	0.0191629	0.141568	0.199092	0.271388	0.375902	0.559263	1.1269
8.73329	0.019189	0.141587	0.199132	0.271349	0.375789	0.559187	1.12682
8.79424	0.019164	0.141573	0.199146	0.271262	0.375736	0.559082	1.12678
8.85561	0.0191684	0.141577	0.199124	0.271242	0.375685	0.558955	1.12664
8.91741	0.0191882	0.141632	0.199126	0.271186	0.375615	0.55885	1.12654
8.97964	0.0191524	0.141626	0.199088	0.271132	0.375583	0.558741	1.12649
9.0423	0.0191799	0.14166	0.199034	0.271118	0.37551	0.558611	1.12633
9.1054	0.0192089	0.141685	0.199051	0.271075	0.37538	0.558526	1.12628
9.16893	0.0191865	0.141646	0.199018	0.271059	0.375309	0.558413	1.12618
9.2329	0.0192084	0.141649	0.199012	0.271091	0.375206	0.558294	1.12606
9.29731	0.0192012	0.14164	0.199013	0.271049	0.375118	0.55824	1.12601
9.36217	0.0191726	0.141608	0.198965	0.271005	0.375059	0.558098	1.126
9.42749	0.0192081	0.141639	0.199003	0.270937	0.374973	0.558023	1.12595
9.49325	0.0191824	0.141628	0.199016	0.270846	0.374917	0.557923	1.12593
9.55947	0.0191701	0.141626	0.198998	0.27082	0.374849	0.557777	1.12584
9.62615	0.0192076	0.141645	0.199039	0.270761	0.374752	0.557726	1.12574
9.69329	0.0192193	0.14163	0.199008	0.270741	0.374724	0.557633	1.12567
9.7609	0.0192752	0.141678	0.199003	0.270737	0.374644	0.557556	1.12557
9.82897	0.0192982	0.141705	0.199002	0.270682	0.374555	0.557522	1.12551
9.89752	0.0192974	0.141694	0.198956	0.270686	0.374496	0.557409	1.12535
9.96654	0.0193251	0.14172	0.198961	0.270651	0.374377	0.557328	1.12524
10.036	0.0192991	0.141688	0.198938	0.2706	0.374347	0.5572	1.1251
10.106	0.0193247	0.141709	0.198916	0.270559	0.374265	0.557111	1.12499
10.1765	0.0193167	0.141713	0.198911	0.270483	0.374212	0.557019	1.12492
10.2474	0.0193346	0.141718	0.198878	0.270464	0.374162	0.556902	1.12482
10.3189	0.0193427	0.14175	0.198913	0.270411	0.374069	0.556834	1.12474
10.3908	0.0193223	0.141736	0.198917	0.270395	0.374009	0.556707	1.12467
10.4633	0.0193575	0.141774	0.198928	0.270388	0.373895	0.556582	1.12456
10.5362	0.0193493	0.141765	0.198951	0.270346	0.37382	0.556505	1.12453
10.6097	0.019343	0.141766	0.198925	0.270333	0.373735	0.556387	1.12446
10.6836	0.0193444	0.141786	0.198922	0.270283	0.373637	0.556328	1.12436
10.7581	0.0193333	0.141762	0.19883	0.270253	0.373585	0.556255	1.12433
10.8331	0.0193759	0.141785	0.198828	0.270209	0.373501	0.556226	1.12426
10.9086	0.0193628	0.141783	0.198802	0.270155	0.373468	0.556148	1.1242
10.9846	0.0193967	0.14182	0.198801	0.270111	0.37339	0.556051	1.1241
11.0612	0.0194002	0.141817	0.198803	0.270055	0.373319	0.555966	1.12405
11.1383	0.0194052	0.141845	0.19879	0.270022	0.373227	0.55585	1.12395
11.2159	0.019436	0.141853	0.198841	0.269958	0.37313	0.555757	1.12389
11.2941	0.0194372	0.141842	0.198821	0.26994	0.373076	0.555638	1.12379
11.3728	0.0194578	0.141842	0.198848	0.269889	0.372983	0.555603	1.12371
11.452	0.0194311	0.141814	0.19883	0.269857	0.372961	0.555498	1.12369
11.5318	0.0194957	0.141853	0.198829	0.269818	0.372884	0.555437	1.12365
11.6122	0.0195226	0.141816	0.198786	0.269788	0.372856	0.555336	1.1236
11.6931	0.0195369	0.141855	0.19878	0.269777	0.372766	0.555268	1.12353
11.7745	0.0195067	0.141852	0.19875	0.269738	0.372692	0.555226	1.12343
11.8566	0.0195687	0.141894	0.198769	0.269732	0.372576	0.555163	1.1233
11.9392	0.0195904	0.141888	0.198778	0.269653	0.37251	0.555066	1.12321
12.0224	0.0196002	0.141907	0.198786	0.269648	0.372428	0.55497	1.12307
12.1061	0.0195917	0.141894	0.198801	0.269592	0.372385	0.554879	1.12299
12.1904	0.0195779	0.141908	0.198784	0.269581	0.372335	0.554758	1.12296
12.2753	0.0195654	0.141895	0.198793	0.269516	0.372279	0.554659	1.12292
12.3609	0.0195518	0.141914	0.198761	0.269528	0.37221	0.554552	1.12279
12.4469	0.0195368	0.141914	0.198746	0.269463	0.372112	0.554484	1.12265
12.5336	0.0195441	0.141942	0.198706	0.269467	0.372027	0.554384	1.12249
12.6209	0.0195723	0.14193	0.198732	0.269394	0.371931	0.554346	1.1224
12.7088	0.0195625	0.141942	0.198732	0.269384	0.371877	0.554288	1.12234
12.7973	0.0195784	0.14196	0.19877	0.269313	0.371841	0.55426	1.12234
12.8865	0.0195931	0.141988	0.198781	0.269301	0.371808	0.554162	1.12231
12.9762	0.0196199	0.141977	0.19875	0.269249	0.371757	0.554092	1.12232
13.0666	0.0196535	0.141998	0.198703	0.269243	0.371655	0.553973	1.12234
13.1576	0.0196661	0.141978	0.19867	0.269218	0.371576	0.553892	1.12242
13.2492	0.0196468	0.14201	0.198673	0.269219	0.371464	0.553822	1.12239
13.3414	0.0196479	0.14202	0.198652	0.269129	0.371402	0.553758	1.12239
13.4343	0.0196833	0.142037	0.198691	0.269081	0.371341	0.553706	1.12228
13.5279	0.0196579	0.142016	0.198701	0.269001	0.371302	0.553617	1.12221
13.6221	0.0196569	0.142061	0.198692	0.268972	0.371224	0.553502	1.12214
13.7169	0.0196354	0.142067	0.198623	0.268947	0.371191	0.553403	1.12205
13.8124	0.0196569	0.142086	0.198603	0.268937	0.371075	0.553342	1.12197
13.9086	0.0196359	0.142066	0.198143	0.268941	0.370993	0.553234	1.12196
14.0054	0.019637	0.14206	0.198084	0.268896	0.370909	0.553218	1.122
14.1029	0.0196212	0.142057	0.198162	0.268849	0.37087	0.553143	1.12199
14.201	0.0196256	0.142068	0.198246	0.268774	0.370848	0.553074	1.12192
14.2999	0.0196659	0.1421	0.198328	0.268756	0.370782	0.552993	1.12183
14.3994	0.0196831	0.142094	0.198337	0.268746	0.370726	0.552881	1.12171
14.4997	0.0197266	0.142144	0.198353	0.268723	0.370645	0.552806	1.12157
14.6006	0.0197208	0.14216	0.198333	0.268726	0.370591	0.552735	1.12145
14.7022	0.019709	0.142146	0.198364	0.268675	0.370536	0.552727	1.12141
14.8045	0.019695	0.142166	0.198398	0.268636	0.370487	0.552672	1.1214
14.9076	0.0197226	0.142159	0.198412	0.268574	0.370434	0.552586	1.12146
15.0113	0.0197874	0.14218	0.198451	0.268544	0.370354	0.552488	1.12141
15.1158	0.0198242	0.14217	0.198448	0.268516	0.370274	0.552372	1.12127
15.221	0.0198279	0.142154	0.198472	0.268475	0.370165	0.552326	1.12118
15.3269	0.0198125	0.142154	0.198472	0.268459	0.370109	0.552241	1.1211
15.4336	0.0198009	0.142159	0.198476	0.268337	0.370064	0.552146	1.12107
15.541	0.0198014	0.14221	0.198486	0.268288	0.370009	0.552081	1.12102
15.6491	0.0197847	0.142236	0.198465	0.268298	0.369949	0.551992	1.121
15.758	0.0198094	0.14224	0.198442	0.268261	0.369873	0.551919	1.12096
15.8676	0.0198055	0.142256	0.198443	0.26829	0.369779	0.551818	1.12088
15.978	0.0197873	0.142249	0.198465	0.268287	0.369733	0.55177	1.12069
16.0892	0.0197815	0.142259	0.198494	0.26824	0.36967	0.551736	1.12057
16.2012	0.0197721	0.142281	0.198517	0.268152	0.369608	0.551658	1.12054
16.3139	0.0197707	0.142291	0.19848	0.268084	0.369586	0.551574	1.1205
16.4274	0.0197789	0.142296	0.198469	0.268079	0.36952	0.551493	1.12048
16.5417	0.0197631	0.142308	0.198432	0.268117	0.36944	0.551376	1.12043
16.6567	0.0197845	0.142284	0.198439	0.268058	0.369412	0.551297	1.12043
16.7726	0.0198327	0.142309	0.19847	0.268013	0.36936	0.551251	1.12039
16.8893	0.0198435	0.142335	0.198477	0.267984	0.369304	0.551227	1.12035
17.0068	0.0198489	0.142342	0.198453	0.26789	0.369231	0.551199	1.12038
17.1251	0.0198383	0.142366	0.198456	0.267887	0.369159	0.551128	1.12037
17.2442	0.0197698	0.142357	0.198436	0.267933	0.369093	0.55102	1.12035
17.3641	0.0197632	0.142339	0.198426	0.267895	0.369053	0.550945	1.12031
17.4849	0.0197841	0.142355	0.198465	0.267854	0.368986	0.550891	1.12021
17.6065	0.01983	0.142389	0.198482	0.267801	0.368887	0.550817	1.12008
17.729	0.0198824	0.142411	0.198453	0.267759	0.368855	0.550724	1.12
17.8523	0.0199036	0.142433	0.198443	0.26773	0.368807	0.550648	1.11997
17.9765	0.0198893	0.14245	0.19845	0.267719	0.368753	0.550572	1.11991
18.1015	0.0198375	0.142437	0.198443	0.267704	0.368719	0.550488	1.11983
18.2274	0.0198507	0.14242	0.19845	0.267674	0.368678	0.550391	1.11976
18.3541	0.0198789	0.142467	0.198451	0.267623	0.368576	0.550353	1.11965
18.4818	0.0199082	0.142518	0.198423	0.267598	0.368505	0.55032	1.11952
18.6103	0.0199195	0.142508	0.198425	0.267583	0.368469	0.550261	1.11949
18.7397	0.0199199	0.142493	0.198433	0.267563	0.368438	0.550167	1.11947
18.87	0.0199157	0.142499	0.198428	0.267522	0.368375	0.550058	1.11941
19.0012	0.0199316	0.142521	0.198421	0.267473	0.368314	0.549966	1.11935
19.1334	0.0199555	0.142518	0.198407	0.267441	0.368245	0.549892	1.11922
19.2664	0.019964	0.142516	0.198395	0.267396	0.36816	0.549857	1.11913
19.4004	0.0199368	0.142518	0.198416	0.267389	0.368124	0.549842	1.11908
19.5353	0.0199995	0.142549	0.198446	0.267394	0.368096	0.549791	1.11904
19.6711	0.0200506	0.142587	0.198474	0.26735	0.36803	0.549703	1.11905
19.8079	0.0200692	0.142607	0.198443	0.267267	0.367964	0.549641	1.11892
19.9456	0.0200755	0.142557	0.198438	0.2672	0.367911	0.549619	1.11883
20.0843	0.020032	0.142563	0.198472	0.267204	0.367869	0.549556	1.11876
20.2239	0.0199747	0.14259	0.198472	0.267224	0.367825	0.549444	1.11866
20.3645	0.0199732	0.142604	0.198451	0.267201	0.367736	0.549346	1.11864
20.5061	0.0199945	0.142617	0.198432	0.267141	0.367671	0.54927	1.11866
20.6486	0.0199628	0.142614	0.198392	0.267085	0.367635	0.549197	1.11867
20.7922	0.0199476	0.142629	0.198374	0.267069	0.367592	0.549163	1.11858
20.9367	0.0199754	0.142684	0.198442	0.267065	0.36754	0.5491	1.11851
21.0823	0.020003	0.142692	0.19847	0.267072	0.367484	0.548996	1.11843
21.2288	0.020015	0.142666	0.198452	0.267002	0.367432	0.548933	1.11835
21.3764	0.0199901	0.142651	0.198437	0.266933	0.367392	0.548865	1.11832
21.525	0.0199621	0.142672	0.198388	0.266909	0.367341	0.548787	1.11829
21.6746	0.0199904	0.142669	0.198349	0.266864	0.367268	0.548756	1.11823
21.8252	0.0200146	0.142688	0.198404	0.266829	0.367196	0.548721	1.11815
21.9769	0.0199772	0.142709	0.198465	0.266823	0.367139	0.548639	1.11807
22.1297	0.0199771	0.142683	0.198476	0.266843	0.367095	0.548548	1.11805
22.2835	0.0200359	0.142727	0.198462	0.266833	0.367012	0.548476	1.118
22.4384	0.0200624	0.142795	0.198474	0.266776	0.366916	0.548447	1.11789
22.5943	0.0200688	0.14279	0.19845	0.266737	0.366881	0.54838	1.11773
22.7514	0.0200287	0.142755	0.198443	0.266712	0.366879	0.548295	1.11756
22.9095	0.0199929	0.142735	0.198445	0.266718	0.36682	0.548173	1.11746
23.0687	0.0200103	0.142761	0.198453	0.266696	0.366767	0.548081	1.11754
23.229	0.0200082	0.142795	0.198446	0.266636	0.366729	0.548028	1.11756
23.3904	0.0200086	0.142798	0.198375	0.266593	0.366701	0.547949	1.11745
23.553	0.0200197	0.142791	0.198352	0.266562	0.366634	0.547906	1.11734
23.7167	0.0200873	0.142815	0.198412	0.266548	0.366547	0.547867	1.11723
23.8815	0.0200923	0.142814	0.198384	0.266519	0.366473	0.547805	1.11722
24.0474	0.0200543	0.142811	0.198383	0.266505	0.366396	0.547706	1.11714
24.2146	0.0200551	0.142806	0.198381	0.26647	0.366355	0.547612	1.11703
24.3828	0.0201142	0.142818	0.19839	0.266434	0.366289	0.54758	1.11698
24.5522	0.0201648	0.142808	0.19838	0.26639	0.36623	0.547495	1.11694
24.7229	0.020119	0.14284	0.198355	0.266373	0.366198	0.547411	1.1169
24.8946	0.0201238	0.142879	0.19835	0.266358	0.366127	0.547296	1.11679
25.0676	0.0201387	0.142898	0.198369	0.266331	0.366084	0.54725	1.11659
25.2418	0.0201526	0.142893	0.198339	0.266252	0.366056	0.546769	1.11652
25.4172	0.0201395	0.14286	0.198301	0.266228	0.366012	0.546756	1.11651
25.5938	0.0201355	0.142879	0.198299	0.266213	0.365932	0.546783	1.11646
25.7716	0.0201824	0.142911	0.198301	0.26621	0.365866	0.546783	1.11639
25.9506	0.0201655	0.142963	0.198293	0.266156	0.365821	0.546743	1.1163
26.131	0.0201231	0.142896	0.198303	0.266094	0.365754	0.546657	1.11627
26.3125	0.0201342	0.142775	0.198327	0.266103	0.365687	0.546627	1.11614
26.4953	0.0201534	0.142881	0.198339	0.266067	0.365636	0.546575	1.11601
26.6794	0.020132	0.14289	0.198312	0.266026	0.365589	0.546455	1.116
26.8647	0.0200833	0.142875	0.198316	0.265993	0.365488	0.546412	1.11606
27.0514	0.0201163	0.142887	0.198319	0.265993	0.365428	0.546385	1.11598
27.2393	0.0201577	0.142972	0.198304	0.26597	0.365437	0.546337	1.11584
27.4285	0.0201537	0.143006	0.198281	0.265915	0.365385	0.546257	1.11582
27.619	0.0201441	0.142915	0.198271	0.265878	0.365317	0.546214	1.11578
27.8109	0.020146	0.142925	0.198306	0.26587	0.365257	0.546202	1.11564
28.0041	0.0201371	0.142959	0.198294	0.265819	0.365216	0.546114	1.11542
28.1986	0.0201926	0.14296	0.198262	0.265768	0.365173	0.546015	1.11528
28.3945	0.0201657	0.142935	0.198259	0.265772	0.36509	0.545987	1.11525
28.5918	0.020162	0.142996	0.198289	0.265763	0.365027	0.54589	1.11521
28.7904	0.0201164	0.142988	0.198256	0.265703	0.364992	0.545765	1.11515
28.9903	0.0201205	0.142975	0.198251	0.265663	0.364919	0.545713	1.1151
29.1917	0.020149	0.143017	0.19828	0.265661	0.364804	0.545644	1.11509
29.3945	0.0201566	0.143011	0.198244	0.265616	0.364768	0.54554	1.11496
29.5986	0.0201241	0.142995	0.198222	0.265562	0.364781	0.545374	1.11487
29.8042	0.0201371	0.143036	0.198205	0.26556	0.364719	0.545321	1.11477
30.0112	0.0201717	0.143086	0.198192	0.265547	0.36463	0.545284	1.11456
30.2197	0.0201345	0.143088	0.198187	0.265514	0.364542	0.545272	1.1144
30.4296	0.0201189	0.143054	0.19823	0.26548	0.364537	0.545216	1.1144
30.6409	0.0201583	0.143037	0.198229	0.265454	0.364498	0.545137	1.11436
30.8537	0.0201978	0.143009	0.198176	0.265401	0.364371	0.545066	1.11435
31.068	0.020187	0.143054	0.198177	0.265406	0.364337	0.544983	1.11419
31.2838	0.0202121	0.143093	0.198174	0.26537	0.364303	0.544879	1.11401
31.501	0.0201894	0.143069	0.198162	0.265293	0.364223	0.544756	1.11385
31.7198	0.0201885	0.143085	0.198171	0.265267	0.364138	0.544688	1.11392
31.9401	0.0202166	0.143112	0.198209	0.265281	0.364113	0.544634	1.11391
32.1619	0.0202165	0.143072	0.198161	0.265229	0.364017	0.54455	1.11378
32.3853	0.0201647	0.143072	0.198122	0.26517	0.363954	0.54446	1.11368
32.6102	0.0202315	0.143105	0.198122	0.265155	0.363942	0.544344	1.11351
32.8366	0.0202578	0.143126	0.198097	0.265097	0.363861	0.544232	1.11324
33.0647	0.0202143	0.143066	0.198118	0.265071	0.363786	0.544129	1.11301
33.2943	0.0202132	0.143102	0.1981	0.265053	0.363787	0.544083	1.11318
33.5255	0.0202075	0.143108	0.19807	0.265029	0.363687	0.543974	1.1132
33.7583	0.0201768	0.143053	0.198061	0.265013	0.363615	0.543913	1.11304
33.9927	0.0202116	0.143074	0.198038	0.264965	0.363535	0.543842	1.11304
34.2287	0.0202504	0.143128	0.19801	0.264921	0.363501	0.543693	1.11296
34.4664	0.0202222	0.143088	0.198005	0.264895	0.363465	0.543628	1.11279
34.7057	0.0202481	0.143092	0.197967	0.264836	0.363385	0.543546	1.11258
34.9467	0.0202628	0.143101	0.197975	0.264817	0.363318	0.543448	1.11245
35.1894	0.020173	0.143076	0.19802	0.264772	0.363286	0.543382	1.11235
35.4337	0.0201832	0.143117	0.197973	0.26476	0.363213	0.543292	1.11226
35.6797	0.0202408	0.143165	0.197968	0.264752	0.363108	0.543155	1.11231
35.9275	0.0202239	0.143116	0.197958	0.26468	0.363061	0.543041	1.11214
36.1769	0.0202808	0.143097	0.197968	0.264598	0.363069	0.542997	1.112
36.4281	0.020257	0.143132	0.197958	0.264596	0.362955	0.542873	1.11188
36.681	0.0201864	0.143128	0.197899	0.264559	0.362916	0.542769	1.11171
36.9357	0.0202071	0.143097	0.197901	0.264553	0.362849	0.542685	1.1117
37.1921	0.0202576	0.143125	0.197894	0.26452	0.362771	0.54261	1.11162
37.4504	0.0202868	0.143102	0.197884	0.264449	0.362747	0.542546	1.11145
37.7104	0.0202886	0.143105	0.197891	0.264446	0.362668	0.542431	1.11128
37.9722	0.0202264	0.143076	0.197848	0.264398	0.3626	0.542358	1.1111
38.2358	0.0202681	0.14312	0.197868	0.26436	0.362516	0.5422	1.11108
38.5013	0.0202657	0.143065	0.197894	0.264332	0.36245	0.542133	1.11098
38.7686	0.0202346	0.143068	0.197787	0.264304	0.362404	0.542062	1.11084
39.0377	0.0202943	0.143087	0.197808	0.264265	0.362332	0.541912	1.11081
39.3087	0.0202809	0.143082	0.197802	0.26423	0.362283	0.541854	1.11057
39.5816	0.0202279	0.143046	0.197799	0.264122	0.362223	0.541718	1.11046
39.8564	0.0202185	0.143044	0.197793	0.264115	0.362167	0.541629	1.11032
40.1331	0.020233	0.143068	0.197747	0.264111	0.362112	0.541534	1.11014
40.4117	0.0202636	0.143036	0.197757	0.264064	0.362015	0.541381	1.11005
40.6922	0.0202789	0.143064	0.197708	0.264014	0.361958	0.541352	1.10991
40.9747	0.0202824	0.143054	0.197736	0.264044	0.361932	0.541252	1.10981
41.2591	0.0202725	0.14303	0.197705	0.263992	0.361832	0.541132	1.10968
41.5456	0.0202866	0.143052	0.197686	0.263879	0.361767	0.541052	1.10949
41.834	0.0202063	0.143009	0.19767	0.263853	0.361704	0.540956	1.10929
42.1243	0.0202257	0.143041	0.197638	0.263864	0.361643	0.540812	1.1091
42.4168	0.0202727	0.143024	0.19763	0.263797	0.361579	0.540701	1.10907
42.7112	0.0202527	0.143013	0.197619	0.263792	0.361506	0.540626	1.10894
43.0077	0.0202381	0.143006	0.197523	0.263741	0.361414	0.540498	1.10879
43.3062	0.0202229	0.142984	0.197582	0.263638	0.361414	0.540399	1.10868
43.6068	0.0202384	0.142993	0.197519	0.263637	0.361335	0.540319	1.10852
43.9095	0.0202525	0.142954	0.197512	0.263596	0.361274	0.540188	1.10831
44.2142	0.0201778	0.143002	0.197505	0.263559	0.361211	0.540094	1.10817
44.5211	0.020051	0.142977	0.197473	0.263569	0.361115	0.539938	1.10793
44.8302	0.0200721	0.14298	0.197481	0.2635	0.361064	0.539841	1.10779
45.1413	0.0200853	0.142967	0.197448	0.263467	0.360964	0.539786	1.1072
45.4547	0.0201204	0.142949	0.197459	0.263388	0.360937	0.539668	1.10719
45.7701	0.0201136	0.142961	0.197448	0.263385	0.36084	0.539576	1.10718
46.0878	0.02013	0.142763	0.197442	0.263352	0.360793	0.539458	1.10713
46.4077	0.0202027	0.142841	0.197396	0.263324	0.360745	0.539342	1.10703
46.7298	0.0202376	0.14283	0.197395	0.26329	0.360689	0.53922	1.10687
47.0541	0.0202479	0.142844	0.197336	0.263216	0.360597	0.539112	1.10678
47.3807	0.0201335	0.142823	0.19732	0.26321	0.360534	0.538993	1.10659
47.7096	0.0201794	0.142823	0.197295	0.26316	0.360439	0.538896	1.10656
48.0407	0.0201428	0.142823	0.197302	0.263139	0.360396	0.538798	1.1064
48.3741	0.0201614	0.142856	0.197292	0.263071	0.360287	0.538666	1.10635
48.7098	0.0202047	0.142812	0.197252	0.263072	0.36027	0.53859	1.10611
49.0479	0.0201268	0.142833	0.197222	0.263002	0.360173	0.538427	1.10596
49.3883	0.0201707	0.142817	0.197164	0.262986	0.360131	0.538327	1.10577
49.731	0.0200563	0.142833	0.197161	0.262938	0.360044	0.53823	1.10572
50.0762	0.0200777	0.142793	0.197202	0.262902	0.360009	0.538099	1.10555
50.4237	0.0201005	0.142789	0.197143	0.262906	0.359934	0.537983	1.10543
50.7737	0.0201078	0.142768	0.197153	0.262832	0.359855	0.537907	1.10518
51.126	0.0201842	0.142737	0.19712	0.262825	0.359789	0.537754	1.105
51.4808	0.0201243	0.142724	0.197102	0.26274	0.359722	0.537669	1.1048
51.8381	0.0201855	0.142713	0.197086	0.262701	0.359652	0.537541	1.10457
52.1978	0.0201322	0.142712	0.197047	0.262656	0.359567	0.537462	1.10442
52.5601	0.0201549	0.142703	0.197047	0.262638	0.359489	0.537303	1.1044
52.9248	0.0201126	0.142716	0.197024	0.262585	0.359449	0.537166	1.10425
53.2921	0.0201948	0.142666	0.196999	0.26258	0.359323	0.537067	1.10406
53.6619	0.0201419	0.142701	0.196976	0.2625	0.359295	0.53696	1.10376
54.0343	0.0201574	0.142634	0.196969	0.262503	0.359241	0.53685	1.10357
54.4092	0.0201448	0.142651	0.196905	0.262442	0.359186	0.536722	1.10362
54.7868	0.0201443	0.142612	0.196897	0.262414	0.35912	0.5366	1.10335
55.167	0.0201765	0.14261	0.196894	0.262367	0.35902	0.536442	1.10313
55.5498	0.0201635	0.142612	0.196858	0.262289	0.358953	0.536353	1.10311
55.9353	0.0201928	0.142606	0.196837	0.262277	0.358883	0.536255	1.10286
56.3234	0.0201288	0.142604	0.196822	0.262219	0.358817	0.536142	1.10271
56.7142	0.0201665	0.142565	0.196806	0.262211	0.358741	0.535967	1.1025
57.1078	0.0201471	0.142567	0.1968	0.26215	0.358651	0.535823	1.10222
57.504	0.0201716	0.142552	0.196747	0.262103	0.358601	0.535754	1.10209
57.903	0.0201557	0.142528	0.196758	0.262093	0.358555	0.535629	1.10197
58.3048	0.0201441	0.14249	0.196731	0.262015	0.358491	0.535499	1.10193
58.7094	0.0201218	0.14249	0.196694	0.262059	0.358415	0.535375	1.10163
59.1168	0.0201595	0.142495	0.196669	0.26194	0.358294	0.535193	1.10144
59.527	0.0201803	0.14248	0.196655	0.261934	0.358271	0.535088	1.10127
60.0	0.0201998	0.142448	0.196613	0.261849	0.358157	0.534986	1.10108
