Time	A470	A350	A340	A330	A320	A310	A300	
0.0004125	0.0162069	0.120677	0.272813	0.556708	0.968709	1.35605	1.85138
0.0008375	0.0173015	0.120861	0.272167	0.556199	0.969514	1.33683	1.84683
0.0012625	0.0172284	0.121346	0.270937	0.552331	0.972199	1.3342	1.84945
0.001675	0.0167781	0.120907	0.270328	0.557324	0.968197	1.34317	1.85042
0.0021125	0.0164336	0.119968	0.269507	0.556874	0.967445	1.35024	1.85155
0.0025375	0.0155245	0.11885	0.268581	0.55787	0.965939	1.34945	1.85024
0.002975	0.0155364	0.119318	0.267861	0.558769	0.965822	1.34836	1.85091
0.0034125	0.0148219	0.120701	0.268009	0.55795	0.967824	1.34791	1.85236
0.00385	0.0151075	0.120574	0.268911	0.558274	0.969978	1.34758	1.85409
0.0042875	0.015431	0.12039	0.268953	0.558492	0.970489	1.34615	1.85531
0.0047375	0.0148575	0.121163	0.268441	0.557173	0.969742	1.34522	1.85424
0.0051875	0.0150412	0.121121	0.268865	0.556679	0.969664	1.34473	1.85395
0.0056375	0.0154614	0.120906	0.269211	0.557775	0.970465	1.34603	1.85398
0.0060875	0.0159983	0.121489	0.269232	0.558447	0.970788	1.3468	1.85457
0.00655	0.0155313	0.122145	0.268617	0.557953	0.970337	1.34633	1.85378
0.0070125	0.0155576	0.122376	0.268321	0.55783	0.9699	1.346	1.85388
0.007475	0.0155512	0.122332	0.269241	0.557894	0.970036	1.34599	1.85356
0.00795	0.0153827	0.121768	0.26943	0.557729	0.96986	1.34556	1.85279
0.0084125	0.015477	0.12206	0.269539	0.557814	0.969515	1.34518	1.85324
0.0088875	0.0153356	0.122096	0.270141	0.557923	0.969802	1.34452	1.85254
0.0093625	0.0156268	0.122016	0.270589	0.557524	0.969291	1.34357	1.8526
0.00985	0.0155684	0.122052	0.270007	0.556965	0.968722	1.34279	1.85121
0.0103375	0.0153753	0.121932	0.269249	0.557052	0.968529	1.34293	1.8513
0.010825	0.015334	0.12186	0.269379	0.556913	0.968336	1.34253	1.85024
0.0113125	0.0153653	0.121598	0.269838	0.557227	0.968056	1.3416	1.84949
0.0118	0.0155132	0.121657	0.269965	0.557211	0.967672	1.341	1.85042
0.0123	0.0152323	0.121798	0.270161	0.55708	0.966794	1.34139	1.8496
0.0128	0.0147238	0.121864	0.269988	0.557136	0.966272	1.34028	1.84714
0.0133125	0.0148628	0.121791	0.26993	0.556966	0.965925	1.33976	1.84919
0.0138125	0.0149437	0.121642	0.269328	0.556538	0.965465	1.33878	1.84702
0.014325	0.0148011	0.121671	0.268927	0.556296	0.964703	1.33847	1.84722
0.0148375	0.0148379	0.121801	0.269121	0.556198	0.964325	1.338	1.84551
0.0153625	0.0149532	0.121987	0.26926	0.555883	0.96399	1.33724	1.84604
0.0158875	0.0147326	0.122096	0.269051	0.555528	0.963063	1.33621	1.84538
0.0164125	0.0150332	0.122497	0.269039	0.555167	0.962593	1.33582	1.84485
0.0169375	0.0151735	0.122438	0.269357	0.554739	0.962186	1.33505	1.84248
0.017475	0.0149284	0.122288	0.269089	0.553978	0.961566	1.33392	1.84236
0.0180125	0.0144885	0.12214	0.268641	0.553239	0.960594	1.33252	1.84046
0.01855	0.014671	0.122355	0.268708	0.553201	0.960073	1.33215	1.84062
0.0191	0.0148759	0.122421	0.269028	0.552974	0.959745	1.33147	1.84009
0.0196375	0.0147489	0.122057	0.268587	0.552534	0.958625	1.33027	1.8382
0.0202	0.0145808	0.121855	0.268097	0.551987	0.957659	1.32883	1.83667
0.02075	0.0147711	0.122133	0.267965	0.551777	0.956993	1.32779	1.83647
0.0213125	0.0146978	0.122052	0.267884	0.551476	0.956472	1.32722	1.83624
0.021875	0.0144569	0.12188	0.267327	0.550827	0.955226	1.32573	1.83468
0.0224375	0.0150011	0.122088	0.267254	0.550584	0.954856	1.32449	1.83364
0.0230125	0.0151797	0.12208	0.267044	0.550416	0.954116	1.32393	1.83324
0.0235875	0.0145456	0.121877	0.266552	0.549627	0.95312	1.32243	1.83108
0.024175	0.0145248	0.121798	0.266298	0.549061	0.952115	1.32113	1.83076
0.02475	0.0148655	0.121961	0.266376	0.548713	0.951614	1.31996	1.82969
0.0253375	0.0148179	0.121777	0.266092	0.548252	0.950737	1.31864	1.82838
0.0259375	0.0144789	0.121492	0.265803	0.547345	0.949302	1.31759	1.8261
0.026525	0.0146228	0.121481	0.265859	0.54694	0.948553	1.31612	1.82627
0.027125	0.014799	0.121489	0.26581	0.546722	0.947751	1.31531	1.82407
0.027725	0.0145927	0.121317	0.265602	0.54608	0.946622	1.31365	1.82221
0.0283375	0.0144848	0.121065	0.265464	0.545453	0.945525	1.31221	1.8222
0.02895	0.0144334	0.121045	0.26536	0.545037	0.944685	1.31099	1.8207
0.0295625	0.0143648	0.121077	0.26528	0.544316	0.94368	1.30961	1.81913
0.0301875	0.0145314	0.121105	0.26528	0.544	0.942529	1.30853	1.81796
0.0308125	0.0146155	0.121143	0.265973	0.543762	0.94177	1.30752	1.81683
0.0314375	0.0145167	0.120994	0.266532	0.543122	0.940549	1.30542	1.816
0.032075	0.0144165	0.12079	0.266117	0.542189	0.939252	1.30396	1.81382
0.0327125	0.0144822	0.120877	0.265879	0.541741	0.938222	1.30275	1.81308
0.0333625	0.014238	0.120709	0.2653	0.541146	0.936984	1.30144	1.81134
0.034	0.0140658	0.120501	0.264463	0.540274	0.935191	1.29925	1.80927
0.0346625	0.0141171	0.120449	0.264266	0.53985	0.934453	1.29788	1.80826
0.0353125	0.0142564	0.120575	0.263921	0.53898	0.933324	1.29653	1.80721
0.035975	0.0141636	0.120646	0.263166	0.538082	0.931886	1.29577	1.80505
0.0366375	0.0141548	0.120792	0.262904	0.537343	0.93069	1.29423	1.80336
0.0373125	0.0140031	0.120722	0.261968	0.536791	0.929545	1.29237	1.80245
0.0379875	0.0140335	0.120515	0.26118	0.536169	0.928134	1.28996	1.80009
0.0386625	0.0140042	0.120472	0.261123	0.536042	0.927278	1.28855	1.79909
0.03935	0.0137141	0.120381	0.260713	0.535267	0.925552	1.28735	1.79767
0.0400375	0.0136586	0.120343	0.26033	0.534464	0.924201	1.28593	1.79606
0.040725	0.0138608	0.12014	0.260283	0.533876	0.923091	1.28453	1.79461
0.041425	0.0137632	0.11985	0.259845	0.533046	0.921772	1.28263	1.79285
0.042125	0.0136874	0.119678	0.25947	0.5322	0.920165	1.28101	1.79096
0.0428375	0.0136699	0.119659	0.259421	0.531421	0.918949	1.27966	1.7892
0.04355	0.0136759	0.119353	0.25898	0.530685	0.91781	1.27829	1.78711
0.0442625	0.0137578	0.119141	0.258539	0.529936	0.916546	1.27679	1.78669
0.0449875	0.0136718	0.11901	0.258109	0.529935	0.915131	1.27564	1.78477
0.0457125	0.0134711	0.118797	0.257526	0.528897	0.913822	1.27324	1.78261
0.04645	0.0133651	0.118707	0.25721	0.528209	0.912346	1.27147	1.78111
0.0471875	0.0135122	0.118741	0.256968	0.52754	0.911184	1.27004	1.77944
0.0479375	0.013637	0.118581	0.256321	0.526776	0.909798	1.26773	1.77769
0.048675	0.0138165	0.118637	0.255773	0.52622	0.908714	1.26631	1.77624
0.0494375	0.0136857	0.118761	0.255435	0.524777	0.907277	1.26467	1.77433
0.0501875	0.0136251	0.118647	0.255091	0.523646	0.905668	1.26262	1.77296
0.05095	0.0138677	0.118535	0.25485	0.522794	0.904275	1.26079	1.77109
0.051725	0.0135671	0.118365	0.254298	0.521815	0.902758	1.25913	1.76921
0.0525	0.0136993	0.118441	0.254149	0.521231	0.901474	1.25756	1.76692
0.053275	0.0137015	0.118354	0.253714	0.52019	0.900107	1.25544	1.76588
0.0540625	0.0134926	0.118135	0.253496	0.519246	0.898424	1.25379	1.76404
0.05485	0.0134488	0.117996	0.253471	0.518278	0.89678	1.25218	1.76212
0.05565	0.0133196	0.117717	0.253482	0.517495	0.895315	1.25047	1.76039
0.05645	0.0134813	0.117645	0.253527	0.516844	0.894095	1.24876	1.75903
0.0572625	0.0135661	0.117503	0.253434	0.516084	0.892561	1.24706	1.7569
0.058075	0.0134454	0.117301	0.253073	0.515205	0.891144	1.24548	1.75556
0.0588875	0.0134069	0.11715	0.252853	0.514018	0.88966	1.24372	1.75385
0.0597125	0.0135012	0.116988	0.25236	0.51317	0.888445	1.24166	1.7518
0.06055	0.0134967	0.116884	0.251785	0.512645	0.887108	1.24001	1.7503
0.061375	0.0135519	0.116631	0.251213	0.511775	0.88566	1.23826	1.74792
0.062225	0.0135185	0.11669	0.250879	0.510843	0.884079	1.23643	1.74591
0.063075	0.0133234	0.116432	0.250232	0.510049	0.882752	1.23458	1.744
0.063925	0.0134528	0.116271	0.249646	0.509284	0.881462	1.23286	1.74234
0.0647875	0.0133774	0.116333	0.249353	0.508612	0.879872	1.2312	1.74088
0.06565	0.0134376	0.116161	0.248873	0.507666	0.878218	1.22948	1.73894
0.0665125	0.0134614	0.116135	0.248539	0.506962	0.876819	1.22779	1.73735
0.0674	0.0133221	0.115935	0.248111	0.506104	0.875252	1.22615	1.7359
0.068275	0.013331	0.11573	0.247697	0.505238	0.874161	1.22431	1.73403
0.0691625	0.0132947	0.115623	0.247343	0.504394	0.872436	1.22253	1.73161
0.0700625	0.0133205	0.115578	0.247034	0.503567	0.870871	1.22067	1.72964
0.0709625	0.0131353	0.115444	0.246517	0.502471	0.869334	1.21883	1.72801
0.071875	0.0131552	0.115331	0.246167	0.501385	0.868034	1.21678	1.72568
0.0727875	0.0131951	0.115217	0.245781	0.500411	0.866403	1.21465	1.72463
0.0737	0.013032	0.11498	0.24534	0.499573	0.864974	1.21306	1.72291
0.0746375	0.0130232	0.114777	0.245131	0.498482	0.86327	1.21079	1.72061
0.0755625	0.012994	0.114837	0.244862	0.497615	0.86189	1.20903	1.71887
0.0765	0.0129348	0.114563	0.244438	0.496755	0.860401	1.20715	1.71683
0.07745	0.0130625	0.114523	0.244227	0.495949	0.859015	1.20511	1.71501
0.0784	0.0127325	0.114364	0.244003	0.495165	0.857449	1.20321	1.71302
0.0793625	0.0127555	0.114062	0.24344	0.494174	0.855825	1.2014	1.71166
0.080325	0.0128071	0.114118	0.243048	0.493115	0.854367	1.19945	1.70916
0.0813	0.0127858	0.113977	0.242802	0.492394	0.852861	1.19735	1.7076
0.0822875	0.0128021	0.113862	0.24238	0.49157	0.851216	1.19537	1.70602
0.0832625	0.0126103	0.113796	0.242041	0.49065	0.849839	1.19342	1.70363
0.0842625	0.0127681	0.113579	0.241693	0.489822	0.84843	1.19163	1.70221
0.0852625	0.0127362	0.113517	0.241501	0.488819	0.846839	1.18942	1.70003
0.0862625	0.0125134	0.113442	0.241138	0.488189	0.84535	1.18758	1.69763
0.0872875	0.0124969	0.113092	0.240824	0.487174	0.843837	1.18557	1.69624
0.0883	0.0125371	0.113117	0.24045	0.486257	0.842441	1.18365	1.69477
0.0893375	0.0126777	0.113047	0.240113	0.485329	0.840697	1.18165	1.69257
0.0903625	0.0124433	0.112977	0.239794	0.48468	0.839206	1.1797	1.69046
0.0914125	0.0124614	0.112756	0.239428	0.483645	0.837734	1.1777	1.68893
0.0924625	0.0125589	0.112524	0.239042	0.482741	0.836207	1.17574	1.68718
0.0935125	0.0124499	0.112469	0.238802	0.481905	0.834722	1.1738	1.68512
0.094575	0.0123035	0.112314	0.238512	0.481149	0.833144	1.17176	1.68286
0.09565	0.0123763	0.112023	0.238109	0.48017	0.831526	1.16977	1.68149
0.096725	0.0123134	0.111828	0.237745	0.479124	0.830279	1.16798	1.67937
0.0978125	0.0122361	0.111925	0.2375	0.478314	0.828699	1.1659	1.67717
0.0989125	0.0123038	0.111682	0.237132	0.477551	0.827187	1.16395	1.67556
0.100013	0.0123357	0.111537	0.236714	0.476669	0.825833	1.16195	1.67374
0.101125	0.0123804	0.111399	0.236398	0.475804	0.82413	1.16003	1.67184
0.102238	0.0122673	0.111322	0.236054	0.474847	0.822482	1.15799	1.66981
0.103363	0.0123045	0.111163	0.235763	0.474145	0.821082	1.15593	1.6677
0.1045	0.0121717	0.111011	0.235438	0.473128	0.81965	1.15411	1.66619
0.105637	0.0123189	0.110901	0.235067	0.472199	0.81824	1.15195	1.6637
0.106788	0.0120775	0.110928	0.234722	0.471381	0.816584	1.15001	1.66211
0.107937	0.0122513	0.110661	0.234393	0.470472	0.81492	1.14824	1.66038
0.1091	0.012154	0.110558	0.233899	0.46971	0.813698	1.14631	1.65807
0.110275	0.0120931	0.110366	0.233717	0.468721	0.811875	1.14428	1.65632
0.11145	0.0119891	0.110239	0.233322	0.468053	0.810569	1.14233	1.65425
0.11265	0.0120762	0.110055	0.232992	0.467017	0.809091	1.1405	1.65263
0.113838	0.0118421	0.109916	0.232632	0.466112	0.807594	1.13845	1.6507
0.11505	0.0119394	0.109834	0.232193	0.465167	0.80583	1.13651	1.6485
0.116263	0.0119405	0.109701	0.231934	0.464397	0.804597	1.13456	1.64658
0.117475	0.0119315	0.109562	0.231485	0.463408	0.803091	1.13263	1.64516
0.118712	0.011917	0.109447	0.231071	0.46267	0.801416	1.13075	1.64278
0.11995	0.0119097	0.109293	0.230726	0.461747	0.79996	1.1287	1.64086
0.1212	0.0118361	0.109174	0.230395	0.460924	0.79841	1.12656	1.63915
0.12245	0.0117533	0.10897	0.229931	0.459887	0.796965	1.12471	1.63701
0.123713	0.0117696	0.109011	0.22958	0.459113	0.795384	1.12265	1.63531
0.124987	0.0118145	0.108803	0.229198	0.458304	0.79411	1.12069	1.63355
0.126275	0.0116649	0.108661	0.228864	0.457425	0.792425	1.11885	1.63136
0.127562	0.0117518	0.108558	0.228481	0.456498	0.790765	1.11695	1.6297
0.128863	0.0116407	0.108364	0.228122	0.455708	0.789388	1.11494	1.62823
0.130175	0.0115279	0.108217	0.227827	0.454753	0.788078	1.11288	1.62682
0.131488	0.0115018	0.108106	0.227372	0.453821	0.786443	1.11092	1.62456
0.132825	0.0116246	0.107999	0.227066	0.453049	0.785017	1.10905	1.62242
0.13415	0.0115875	0.107898	0.226717	0.45218	0.783525	1.10726	1.62074
0.1355	0.0115414	0.107672	0.226279	0.451221	0.781879	1.10516	1.61866
0.136863	0.0115017	0.107571	0.226046	0.450417	0.780464	1.10326	1.6168
0.138225	0.0114774	0.107548	0.225555	0.449505	0.779015	1.10113	1.61498
0.1396	0.0113944	0.107321	0.225205	0.44859	0.777448	1.09921	1.61308
0.140975	0.0115087	0.107307	0.224813	0.447788	0.776054	1.09739	1.61109
0.142375	0.0115466	0.107105	0.224486	0.446931	0.774642	1.09546	1.60921
0.143775	0.0113529	0.107007	0.224056	0.446038	0.772905	1.09347	1.60725
0.145187	0.0113581	0.106809	0.223674	0.445282	0.771588	1.09164	1.60558
0.146612	0.0113014	0.10677	0.223347	0.444455	0.770054	1.0898	1.60346
0.148037	0.0112422	0.106499	0.222923	0.443598	0.768556	1.08774	1.60153
0.149487	0.0113106	0.106472	0.222618	0.44277	0.767125	1.08599	1.59965
0.150937	0.0113041	0.106247	0.222274	0.441974	0.765741	1.08422	1.59833
0.1524	0.011237	0.10617	0.221925	0.441033	0.764225	1.08244	1.59575
0.153875	0.0112366	0.10598	0.221599	0.440171	0.762688	1.08048	1.59416
0.15535	0.0111869	0.10589	0.221043	0.439316	0.761174	1.07847	1.5924
0.15685	0.0111381	0.105732	0.220737	0.438379	0.759734	1.07652	1.59037
0.15835	0.0111653	0.105673	0.22045	0.437708	0.758456	1.07476	1.58836
0.159863	0.0111714	0.105526	0.220077	0.436853	0.756832	1.07282	1.58633
0.161388	0.0110114	0.105318	0.219629	0.435939	0.755382	1.07084	1.58478
0.162925	0.0110832	0.105298	0.219275	0.435137	0.753921	1.06906	1.5826
0.164463	0.010948	0.105138	0.21877	0.434346	0.752597	1.06714	1.58101
0.166025	0.0109062	0.105023	0.218537	0.433474	0.750932	1.06527	1.57926
0.167588	0.0109628	0.10485	0.21812	0.432789	0.749791	1.06363	1.57744
0.169162	0.0109489	0.104732	0.217854	0.43177	0.748217	1.06155	1.57529
0.17075	0.0109211	0.10461	0.217385	0.430947	0.746659	1.05965	1.5736
0.17235	0.0109021	0.104491	0.217055	0.430191	0.745358	1.05793	1.57207
0.173963	0.0108467	0.104363	0.216643	0.429221	0.743981	1.05611	1.56988
0.175588	0.0108753	0.104355	0.216385	0.428428	0.742508	1.05417	1.56815
0.177225	0.0108488	0.104112	0.215961	0.427683	0.741053	1.05222	1.56633
0.178862	0.010759	0.104099	0.215623	0.426808	0.739544	1.05043	1.56447
0.180525	0.0107615	0.103989	0.21514	0.425998	0.738392	1.04867	1.56266
0.182187	0.010733	0.103786	0.214802	0.425231	0.736916	1.04675	1.56093
0.183863	0.0107301	0.1037	0.214519	0.42443	0.735458	1.045	1.5592
0.185563	0.010682	0.103555	0.214074	0.423639	0.734197	1.04336	1.5571
0.187263	0.0106378	0.103325	0.213774	0.422748	0.732745	1.04137	1.55516
0.188975	0.0107449	0.103315	0.213333	0.422014	0.731381	1.03958	1.55348
0.1907	0.0106133	0.103178	0.212998	0.421204	0.729932	1.03786	1.55205
0.192437	0.010631	0.103079	0.212771	0.420429	0.728524	1.03606	1.55012
0.194188	0.0106395	0.10292	0.212368	0.419755	0.727251	1.03433	1.54818
0.19595	0.0105507	0.102834	0.212023	0.41877	0.725742	1.03242	1.54648
0.197725	0.0105517	0.102761	0.211654	0.418132	0.724458	1.0308	1.54445
0.199512	0.0105394	0.102667	0.211282	0.417334	0.722977	1.02903	1.54311
0.201312	0.0105855	0.102556	0.211016	0.416561	0.721699	1.02718	1.54116
0.203112	0.010445	0.102351	0.21062	0.415791	0.720313	1.02542	1.539
0.204938	0.0104514	0.102351	0.210278	0.414944	0.718947	1.02371	1.5375
0.206775	0.010425	0.102238	0.209959	0.414244	0.717736	1.02195	1.53603
0.208625	0.0104391	0.102093	0.20964	0.413379	0.716297	1.02019	1.53404
0.210487	0.0104838	0.101929	0.209343	0.412651	0.715156	1.01853	1.53247
0.212362	0.0103598	0.101731	0.208963	0.411872	0.713726	1.01655	1.53068
0.21425	0.0103744	0.10171	0.20862	0.411141	0.712396	1.01506	1.52871
0.21615	0.0104142	0.101655	0.208207	0.410458	0.711062	1.01329	1.52738
0.218063	0.0103633	0.101465	0.2079	0.409698	0.709774	1.01164	1.5257
0.22	0.0102433	0.101344	0.207616	0.40892	0.70841	1.00987	1.52387
0.221938	0.0102367	0.101188	0.207252	0.408029	0.707086	1.0083	1.52181
0.223888	0.0103418	0.10118	0.206914	0.407321	0.705923	1.00657	1.52012
0.225863	0.0101882	0.10101	0.206577	0.40657	0.704486	1.00482	1.51861
0.227838	0.0102489	0.100841	0.206288	0.405869	0.703202	1.0032	1.517
0.229838	0.010119	0.10068	0.20593	0.405149	0.701836	1.00145	1.51515
0.23185	0.0102216	0.100711	0.205586	0.404434	0.700739	0.999799	1.51344
0.233863	0.0101987	0.100526	0.205294	0.403683	0.699446	0.998147	1.51183
0.2359	0.010157	0.100471	0.205015	0.403051	0.698177	0.996582	1.51003
0.23795	0.0100327	0.100369	0.204641	0.402132	0.696799	0.994705	1.50858
0.240025	0.010061	0.100244	0.204323	0.401511	0.695635	0.993348	1.5072
0.2421	0.0100288	0.100215	0.204038	0.400694	0.694347	0.991824	1.50542
0.2442	0.010021	0.100063	0.203799	0.400153	0.693113	0.990251	1.50394
0.2463	0.00995545	0.0999405	0.203393	0.39939	0.691884	0.988534	1.50206
0.248425	0.00998614	0.0998615	0.203118	0.39872	0.690797	0.986899	1.50061
0.250562	0.0100484	0.0996989	0.202794	0.398013	0.68956	0.985469	1.49886
0.252712	0.00998445	0.0996048	0.2025	0.39738	0.68828	0.983797	1.4974
0.254887	0.00985492	0.0995453	0.20218	0.396588	0.687024	0.982245	1.4956
0.257062	0.00989956	0.0994643	0.201923	0.395932	0.68584	0.980704	1.49428
0.259263	0.00986524	0.0992814	0.201646	0.395266	0.684697	0.979234	1.49251
0.261475	0.00983932	0.0992175	0.20134	0.394584	0.683395	0.977552	1.49103
0.263712	0.00978586	0.0990936	0.201064	0.393899	0.682229	0.975842	1.48957
0.26595	0.00986384	0.0990095	0.200786	0.393259	0.681113	0.974478	1.48808
0.268212	0.00981173	0.098893	0.20048	0.392532	0.679869	0.972899	1.48644
0.270487	0.00980609	0.0987942	0.200144	0.391954	0.678774	0.97128	1.48484
0.272775	0.00972307	0.0987151	0.199796	0.391208	0.677541	0.969828	1.48335
0.275088	0.0097489	0.0986315	0.19945	0.390639	0.676508	0.968406	1.48184
0.2774	0.00967796	0.0985264	0.199118	0.389874	0.675291	0.96687	1.47998
0.279738	0.00966523	0.0983967	0.198803	0.389239	0.674137	0.96529	1.47877
0.2821	0.00962383	0.0983189	0.198466	0.388665	0.673015	0.96382	1.47737
0.284475	0.0096625	0.0982097	0.198293	0.388073	0.671885	0.962371	1.47568
0.286862	0.0096723	0.098115	0.197962	0.387408	0.670812	0.960898	1.47433
0.289263	0.00962923	0.0980399	0.197515	0.386705	0.66963	0.959305	1.47272
0.291687	0.00965858	0.0979757	0.197328	0.38618	0.668639	0.957981	1.4713
0.294125	0.00956379	0.0978013	0.197077	0.385533	0.667386	0.956507	1.46974
0.296575	0.00955619	0.0977709	0.196795	0.38491	0.66627	0.955083	1.46823
0.29905	0.0095645	0.0976573	0.196465	0.384302	0.665235	0.953574	1.46694
0.301538	0.00952539	0.0975415	0.196308	0.383724	0.664178	0.952295	1.46526
0.304038	0.00953418	0.0974706	0.196036	0.383031	0.66303	0.95074	1.46384
0.306563	0.00952603	0.0974419	0.195737	0.382391	0.66205	0.949463	1.46244
0.3091	0.00950584	0.0973099	0.195505	0.381858	0.660998	0.948072	1.46098
0.311662	0.00944705	0.0972381	0.195256	0.381194	0.659924	0.946632	1.4598
0.314238	0.00951105	0.0972116	0.194958	0.380631	0.658846	0.945212	1.45825
0.316837	0.00948081	0.0971027	0.194737	0.380097	0.657812	0.943902	1.45693
0.31945	0.00942816	0.096958	0.194542	0.379478	0.65674	0.942565	1.4552
0.322075	0.00947086	0.0969219	0.194268	0.378963	0.655761	0.941137	1.45396
0.324725	0.00941787	0.0968811	0.194002	0.378418	0.654644	0.939722	1.45247
0.327388	0.00934693	0.0967108	0.193785	0.377915	0.653681	0.938353	1.45117
0.330075	0.00933021	0.0966828	0.193474	0.377225	0.652648	0.93703	1.44987
0.332788	0.00936267	0.0966236	0.193223	0.376722	0.651666	0.935695	1.44868
0.3355	0.00936753	0.0964542	0.192965	0.376199	0.650729	0.934371	1.44716
0.33825	0.00933775	0.0964082	0.192812	0.375568	0.649697	0.933035	1.44582
0.341013	0.00935566	0.0964031	0.192529	0.375018	0.64871	0.931766	1.44446
0.343787	0.00932371	0.0963064	0.192326	0.374505	0.64767	0.930444	1.44321
0.346588	0.00920963	0.096228	0.192076	0.373935	0.646702	0.929007	1.44188
0.3494	0.00928708	0.0961408	0.191824	0.373377	0.645779	0.927932	1.44069
0.352237	0.0093103	0.0960402	0.19161	0.372887	0.644805	0.926675	1.43924
0.3551	0.00923363	0.0959496	0.191357	0.372282	0.643788	0.925261	1.43787
0.357975	0.00932545	0.0958889	0.191167	0.371782	0.642906	0.924025	1.43656
0.360875	0.00925635	0.0958337	0.190956	0.371337	0.641912	0.922787	1.4354
0.363788	0.00920455	0.0957757	0.190728	0.370762	0.640934	0.921442	1.43401
0.366725	0.00925653	0.095757	0.190493	0.370292	0.640044	0.920275	1.43278
0.369687	0.00923765	0.0956285	0.190273	0.369824	0.639125	0.919105	1.4313
0.372663	0.00921499	0.0955416	0.190073	0.36926	0.638227	0.917793	1.43026
0.375663	0.00923004	0.0955196	0.189851	0.368729	0.637313	0.916593	1.42882
0.378688	0.00917962	0.0953952	0.189611	0.368247	0.636425	0.915441	1.42776
0.381725	0.00915574	0.0953756	0.189451	0.367744	0.635516	0.914288	1.42632
0.384787	0.00917525	0.09532	0.189258	0.36729	0.63467	0.913154	1.42521
0.387875	0.00912748	0.0952007	0.188951	0.366795	0.633749	0.911954	1.42413
0.390975	0.00915508	0.0951531	0.188774	0.366365	0.632894	0.910801	1.42287
0.3941	0.00913319	0.095006	0.188666	0.365764	0.631983	0.909465	1.42161
0.39725	0.00910023	0.0949909	0.188401	0.365312	0.631101	0.908289	1.42045
0.400412	0.00907512	0.0949192	0.188261	0.364941	0.630246	0.907277	1.41923
0.403612	0.00907115	0.094919	0.188002	0.364397	0.629368	0.906041	1.41805
0.406825	0.00908524	0.0949065	0.187872	0.363936	0.628505	0.904953	1.41681
0.410062	0.00906534	0.0947107	0.187709	0.363408	0.627585	0.903825	1.41552
0.413312	0.00902683	0.0947433	0.187427	0.362951	0.626792	0.902587	1.4144
0.4166	0.00909269	0.0946439	0.187282	0.362631	0.625981	0.901558	1.41312
0.4199	0.0090167	0.0945765	0.187123	0.362131	0.625134	0.900405	1.41203
0.423225	0.0090794	0.0945884	0.186872	0.361704	0.624349	0.89928	1.41086
0.426575	0.00900605	0.0944863	0.186821	0.361269	0.623511	0.898195	1.40976
0.42995	0.00900251	0.0944563	0.18659	0.360753	0.622621	0.897081	1.40866
0.43335	0.00899424	0.0943303	0.186475	0.360421	0.62183	0.895902	1.40759
0.436763	0.00895687	0.094229	0.186256	0.359903	0.621041	0.8949	1.40637
0.440212	0.00892593	0.0942613	0.186082	0.35949	0.62033	0.89381	1.40526
0.443675	0.00896921	0.0941471	0.185917	0.359062	0.619465	0.892783	1.40415
0.447163	0.00889557	0.0941651	0.185734	0.358701	0.61872	0.891754	1.40299
0.450687	0.00896739	0.0940156	0.185579	0.35829	0.617913	0.890687	1.40185
0.454225	0.00888746	0.0939448	0.185381	0.357765	0.617175	0.889611	1.40073
0.457788	0.00893766	0.0939277	0.185214	0.357386	0.616399	0.888567	1.39977
0.461375	0.00884529	0.0938614	0.185034	0.356965	0.615657	0.887468	1.39864
0.464987	0.00891607	0.0938612	0.184851	0.356651	0.614933	0.886508	1.39752
0.468625	0.00891489	0.0937736	0.184774	0.356269	0.614084	0.885402	1.39636
0.472288	0.008877	0.0936961	0.184579	0.355852	0.613446	0.884499	1.39534
0.475987	0.00890865	0.0936567	0.184429	0.355378	0.612715	0.883391	1.39427
0.4797	0.00884276	0.0936238	0.184264	0.355	0.611985	0.882464	1.39317
0.483438	0.00887856	0.0936	0.18415	0.354668	0.611203	0.881526	1.39208
0.487213	0.00883652	0.0935259	0.183977	0.35429	0.610433	0.880368	1.39112
0.491	0.00889454	0.0934707	0.183841	0.353918	0.609739	0.879411	1.39011
0.494825	0.00882485	0.0934288	0.183612	0.353512	0.608988	0.878384	1.38897
0.498663	0.00882426	0.0933913	0.183513	0.353135	0.608266	0.877486	1.38777
0.502537	0.00885631	0.0933551	0.183308	0.352767	0.60759	0.876428	1.38695
0.506437	0.00886749	0.0933282	0.18315	0.352397	0.606924	0.875441	1.38583
0.510363	0.00882154	0.0932559	0.183093	0.352065	0.606188	0.874484	1.38483
0.514313	0.00882984	0.0932411	0.182814	0.351663	0.605518	0.87354	1.38386
0.5183	0.00886228	0.0931535	0.182739	0.351287	0.604735	0.872594	1.38273
0.5223	0.0088305	0.0931527	0.182546	0.350934	0.604118	0.871546	1.38185
0.526338	0.00885282	0.0930383	0.182419	0.350594	0.60341	0.870572	1.38085
0.530412	0.0088166	0.0930731	0.1822	0.350215	0.602721	0.869699	1.37976
0.5345	0.0088334	0.0930028	0.182142	0.349896	0.601976	0.868777	1.37876
0.538625	0.00887404	0.0929901	0.181968	0.349501	0.601321	0.867738	1.37789
0.542775	0.0088371	0.092897	0.181857	0.349197	0.600742	0.866773	1.37684
0.54695	0.00883544	0.0929249	0.181682	0.348898	0.600064	0.865907	1.37588
0.55115	0.00886487	0.0928254	0.181557	0.348537	0.599349	0.865047	1.37486
0.555387	0.00883425	0.0928306	0.181412	0.34817	0.598705	0.864092	1.37378
0.559663	0.0088222	0.0927522	0.181289	0.347888	0.598027	0.863033	1.37286
0.56395	0.00884471	0.0927687	0.181142	0.347501	0.597395	0.862193	1.37179
0.568275	0.00882817	0.0927097	0.181025	0.347233	0.596713	0.861254	1.37095
0.572637	0.00883589	0.0927194	0.180864	0.346818	0.596079	0.860426	1.36998
0.577012	0.00882656	0.0926231	0.180749	0.34644	0.595394	0.859434	1.36897
0.581438	0.00880823	0.0926195	0.180638	0.34611	0.594815	0.858605	1.36785
0.585875	0.0087975	0.0925686	0.180468	0.345877	0.594139	0.857622	1.36707
0.59035	0.00887388	0.0925414	0.180328	0.345547	0.593477	0.856804	1.36615
0.594863	0.00879404	0.09244	0.180265	0.345185	0.59277	0.855771	1.36543
0.5994	0.00883906	0.0924439	0.180153	0.344937	0.592206	0.854975	1.36437
0.603975	0.0088193	0.0923872	0.179991	0.344575	0.591513	0.85397	1.36344
0.608575	0.00883771	0.0923574	0.17988	0.344222	0.590951	0.853195	1.36265
0.613213	0.00881338	0.0923473	0.179768	0.343879	0.590307	0.852251	1.36142
0.617875	0.00877959	0.0922903	0.17964	0.343634	0.589699	0.851402	1.36053
0.622575	0.00880242	0.0922469	0.179448	0.343286	0.589067	0.850514	1.35968
0.627312	0.00879547	0.0922117	0.179375	0.34292	0.588404	0.84964	1.35871
0.632075	0.00880403	0.0922015	0.179316	0.342653	0.58781	0.848806	1.35771
0.636875	0.00878126	0.0921529	0.179165	0.342314	0.587201	0.847872	1.35665
0.6417	0.00881098	0.0920876	0.179076	0.342067	0.586616	0.846988	1.35572
0.646563	0.00879449	0.092124	0.178926	0.341721	0.585963	0.846154	1.35487
0.651462	0.00881195	0.0920552	0.178888	0.341457	0.585308	0.845219	1.35385
0.656388	0.00882588	0.0920374	0.178688	0.34117	0.584742	0.844339	1.35308
0.661363	0.00878955	0.0919644	0.178606	0.340878	0.584147	0.843437	1.35205
0.666363	0.00883303	0.0919855	0.178517	0.340568	0.583517	0.842547	1.35109
0.6714	0.00885502	0.0919631	0.178344	0.34025	0.582927	0.841735	1.35006
0.676462	0.00882759	0.0919142	0.178281	0.339948	0.582431	0.840852	1.349
0.681562	0.00885391	0.0919481	0.178164	0.339657	0.581827	0.840013	1.34812
0.686713	0.00883647	0.0918601	0.178037	0.339336	0.581166	0.839084	1.34716
0.691887	0.00888693	0.0918277	0.177903	0.339093	0.580622	0.838163	1.34621
0.6971	0.00888479	0.0918362	0.177768	0.338767	0.580061	0.837319	1.34531
0.70235	0.00887076	0.0918109	0.177676	0.338486	0.579382	0.836366	1.3443
0.707625	0.00892268	0.0917937	0.177624	0.338222	0.578841	0.835581	1.34348
0.71295	0.00888693	0.091747	0.177483	0.337888	0.578246	0.834643	1.34244
0.718313	0.00887103	0.0917264	0.177345	0.337619	0.577595	0.833783	1.34155
0.7237	0.00890833	0.0916386	0.177257	0.337324	0.577008	0.832908	1.34054
0.729137	0.00888479	0.091688	0.177123	0.337044	0.57646	0.831981	1.33971
0.7346	0.00890186	0.091652	0.176998	0.336756	0.575798	0.831155	1.33862
0.740112	0.00889406	0.0916367	0.176888	0.336454	0.575254	0.830239	1.33774
0.745663	0.00888188	0.0916281	0.17683	0.336134	0.574641	0.829341	1.33671
0.751238	0.00889433	0.0915913	0.176743	0.335831	0.574041	0.828516	1.3358
0.756863	0.00892598	0.0915357	0.17659	0.335574	0.573413	0.827557	1.33477
0.762525	0.00894144	0.0915232	0.176506	0.335234	0.572771	0.826677	1.3338
0.768225	0.00890138	0.0915149	0.176429	0.334983	0.572223	0.825816	1.33289
0.773975	0.00892593	0.0914626	0.176302	0.334722	0.571593	0.824946	1.33203
0.77975	0.00893779	0.0914599	0.176188	0.334341	0.570998	0.824113	1.33092
0.785575	0.0088961	0.0914289	0.176097	0.334078	0.57042	0.82317	1.32993
0.791438	0.0089147	0.0913816	0.175977	0.333788	0.569811	0.822306	1.32899
0.797337	0.00888394	0.0913593	0.17588	0.333429	0.569235	0.821437	1.32805
0.803275	0.0088756	0.0913248	0.1758	0.333155	0.568621	0.820525	1.32706
0.809263	0.00889401	0.091288	0.175724	0.332922	0.567985	0.819657	1.32599
0.815287	0.00889116	0.0912736	0.175624	0.332561	0.5674	0.818759	1.32507
0.82135	0.00895796	0.0912314	0.175502	0.332322	0.566808	0.817793	1.324
0.827462	0.00891436	0.0912235	0.175377	0.332046	0.566196	0.816885	1.32312
0.833613	0.00891348	0.0911898	0.175291	0.331721	0.565548	0.816022	1.32205
0.839813	0.00892371	0.0911513	0.175157	0.331415	0.565039	0.815149	1.32113
0.84605	0.00892469	0.0912004	0.17503	0.331146	0.564429	0.81418	1.32004
0.852325	0.00896808	0.09116	0.174944	0.330783	0.56374	0.813322	1.31904
0.85865	0.00898407	0.0910758	0.174821	0.330482	0.563221	0.812381	1.31816
0.865025	0.0089722	0.0911192	0.174712	0.330248	0.562603	0.811447	1.31711
0.871437	0.00897355	0.0910874	0.174607	0.329937	0.561935	0.810509	1.31608
0.877887	0.00900484	0.0910715	0.174481	0.329625	0.561348	0.809621	1.31515
0.884387	0.00900904	0.0910398	0.174396	0.329373	0.560689	0.808675	1.31413
0.890938	0.00899067	0.0909679	0.174276	0.32909	0.560148	0.807721	1.31308
0.897525	0.00902873	0.0909823	0.17416	0.328741	0.559487	0.806771	1.31198
0.904163	0.00902482	0.0909843	0.174032	0.328469	0.558882	0.805796	1.31094
0.91085	0.00901522	0.0909354	0.173989	0.328145	0.55825	0.804915	1.30997
0.917575	0.00903999	0.0909247	0.173855	0.327797	0.557589	0.803911	1.30906
0.92435	0.00911231	0.0908806	0.173732	0.327573	0.556897	0.80301	1.30793
0.931175	0.00906991	0.090849	0.17368	0.327245	0.556358	0.802034	1.30699
0.93805	0.00908109	0.0908348	0.173508	0.326906	0.555638	0.801133	1.3059
0.944963	0.00906853	0.0908203	0.173451	0.326608	0.555007	0.800168	1.30487
0.951937	0.00908614	0.0907442	0.173352	0.326254	0.554422	0.799193	1.30387
0.95895	0.00909491	0.0907224	0.173228	0.325966	0.553713	0.798298	1.30284
0.966012	0.00909269	0.0907206	0.173161	0.325663	0.553099	0.79723	1.30167
0.973125	0.00909795	0.0906365	0.173028	0.325385	0.552434	0.796341	1.30053
0.980287	0.00909912	0.0906646	0.172939	0.325029	0.551788	0.795395	1.29959
0.987487	0.00910073	0.0905687	0.172824	0.324731	0.551104	0.794366	1.29853
0.99475	0.00911289	0.0905136	0.172676	0.324421	0.550523	0.793497	1.29741
1.00206	0.00911789	0.0904868	0.172644	0.324066	0.54987	0.792488	1.29635
1.00943	0.00911651	0.0904372	0.172492	0.323805	0.549255	0.791485	1.29522
1.01684	0.00911614	0.0904684	0.172387	0.323458	0.548588	0.790532	1.29415
1.0243	0.00914924	0.0904128	0.172239	0.323161	0.547921	0.789502	1.29309
1.03182	0.00916962	0.0904053	0.172156	0.322858	0.547231	0.788522	1.29209
1.03939	0.00916761	0.0903773	0.172041	0.322559	0.546513	0.787499	1.29092
1.04701	0.00916806	0.0903432	0.171965	0.322232	0.545916	0.786479	1.28981
1.05469	0.0091627	0.0903101	0.171763	0.321895	0.545186	0.785495	1.28881
1.06241	0.00916346	0.0902681	0.171666	0.321601	0.544562	0.784443	1.28765
1.07019	0.00921428	0.0902759	0.171524	0.321294	0.543859	0.783425	1.28653
1.07802	0.00920481	0.0902372	0.171416	0.320947	0.543177	0.782395	1.28547
1.08591	0.00921571	0.0902309	0.171295	0.320632	0.542474	0.781362	1.28422
1.09385	0.00924286	0.0901249	0.171159	0.320312	0.541779	0.780321	1.28318
1.10185	0.00921235	0.0901641	0.171081	0.320013	0.541085	0.77925	1.28209
1.10991	0.00923853	0.090148	0.170983	0.319654	0.540389	0.778293	1.28097
1.11801	0.0092311	0.0900864	0.170874	0.319291	0.539741	0.777282	1.27986
1.12619	0.0092316	0.0900599	0.170745	0.319	0.538983	0.776166	1.27872
1.1344	0.00925759	0.090018	0.170633	0.318608	0.53825	0.775084	1.27757
1.14269	0.00923342	0.0899922	0.17051	0.318308	0.53756	0.774077	1.27652
1.15103	0.0092274	0.0899628	0.170422	0.317926	0.536848	0.772978	1.27538
1.15941	0.00922293	0.0898961	0.170259	0.317627	0.536163	0.771947	1.27419
1.16786	0.00921714	0.0898494	0.170153	0.317261	0.535473	0.770895	1.273
1.17638	0.00923025	0.0898103	0.170047	0.316951	0.534751	0.769848	1.27178
1.18495	0.00924752	0.0898781	0.169916	0.316565	0.534	0.768793	1.27066
1.19358	0.00926804	0.0897754	0.169822	0.316242	0.533316	0.76768	1.2695
1.20226	0.00923935	0.0898157	0.169668	0.315901	0.532535	0.76659	1.26821
1.21101	0.00924942	0.0897151	0.169594	0.315589	0.531822	0.765539	1.26712
1.21983	0.00924667	0.0897111	0.169448	0.315179	0.531127	0.764427	1.2659
1.2287	0.00928766	0.0896749	0.169299	0.314879	0.530402	0.763358	1.26466
1.23763	0.00931654	0.0896611	0.169138	0.3145	0.529646	0.762212	1.26354
1.24662	0.00933265	0.0896686	0.169012	0.314157	0.52892	0.76112	1.26224
1.25569	0.00931559	0.0896295	0.168891	0.31377	0.52815	0.760017	1.26111
1.2648	0.00934407	0.0895903	0.168781	0.313439	0.527434	0.758863	1.25981
1.27399	0.00932987	0.089581	0.16866	0.313066	0.526641	0.757772	1.25866
1.28324	0.00937592	0.0895616	0.168515	0.312712	0.525951	0.756662	1.25741
1.29254	0.00935695	0.0895289	0.168403	0.312344	0.525124	0.755577	1.25621
1.30192	0.00940216	0.0894684	0.168279	0.311975	0.524391	0.754419	1.25498
1.31136	0.00938105	0.0894539	0.168154	0.311625	0.523583	0.753324	1.2537
1.32086	0.00940949	0.0894083	0.168039	0.311195	0.522886	0.752155	1.25254
1.33044	0.00941136	0.089363	0.167874	0.310814	0.522105	0.751098	1.25126
1.34008	0.00940747	0.0893371	0.167774	0.31045	0.521332	0.74993	1.24999
1.34977	0.00939507	0.0893409	0.167647	0.310069	0.5206	0.748769	1.2487
1.35955	0.0094616	0.0893053	0.167516	0.309716	0.519789	0.747608	1.24751
1.36939	0.00943282	0.0892745	0.167392	0.309327	0.51902	0.74646	1.24619
1.3793	0.00947647	0.0892047	0.167283	0.308966	0.518275	0.745344	1.24496
1.38927	0.00949549	0.0891852	0.167126	0.30858	0.517511	0.744266	1.24376
1.39933	0.00952161	0.0891763	0.166951	0.308209	0.516725	0.743124	1.2425
1.40944	0.00952534	0.089136	0.166817	0.307823	0.51593	0.741976	1.24119
1.41963	0.0095315	0.0891604	0.166672	0.307405	0.515159	0.740794	1.23998
1.42988	0.00959342	0.0890971	0.166537	0.30704	0.514368	0.739628	1.23869
1.44021	0.00957088	0.0891093	0.166374	0.306663	0.513519	0.738456	1.23745
1.4506	0.0096015	0.089075	0.166273	0.306274	0.512741	0.737281	1.23617
1.46107	0.00959655	0.0890321	0.166095	0.305844	0.511932	0.73611	1.2348
1.47162	0.00962939	0.0889966	0.165961	0.305476	0.511137	0.734903	1.23352
1.48224	0.00966406	0.0889816	0.165812	0.305038	0.510336	0.733757	1.2323
1.49293	0.00963553	0.0889127	0.165699	0.304692	0.509522	0.732614	1.23095
1.50369	0.00963122	0.0888451	0.165558	0.304257	0.508699	0.731335	1.22976
1.51453	0.00962539	0.0888373	0.165405	0.303913	0.507945	0.730195	1.22833
1.52545	0.00966965	0.0887988	0.165304	0.303518	0.507139	0.728966	1.22713
1.53644	0.00966205	0.0887579	0.165112	0.303138	0.506302	0.727772	1.22576
1.5475	0.00971801	0.0887355	0.165	0.302771	0.505533	0.726596	1.22462
1.55864	0.00970149	0.0886815	0.164823	0.302315	0.504737	0.725403	1.22329
1.56986	0.0097255	0.0886641	0.164647	0.301931	0.503932	0.724181	1.22196
1.58116	0.00975044	0.0886458	0.164487	0.301515	0.503103	0.722997	1.22064
1.59254	0.00976987	0.0885991	0.164334	0.301132	0.502259	0.721733	1.21937
1.60399	0.00979137	0.0885685	0.164174	0.300757	0.501445	0.720533	1.21813
1.61553	0.00981811	0.0885509	0.164028	0.300335	0.50062	0.719341	1.2167
1.62714	0.00981999	0.0885298	0.163861	0.299902	0.499796	0.718116	1.21539
1.63884	0.00985349	0.0884996	0.163731	0.299491	0.498972	0.716901	1.21413
1.65061	0.00984443	0.0884368	0.163584	0.299077	0.498093	0.715701	1.21281
1.66246	0.00983151	0.0883898	0.163435	0.298637	0.497259	0.714487	1.21152
1.67441	0.00984814	0.0883381	0.163299	0.298252	0.496413	0.713256	1.21015
1.68642	0.00982995	0.0883043	0.163133	0.297832	0.495608	0.712032	1.20884
1.69854	0.00986532	0.0882571	0.162993	0.297425	0.494773	0.710826	1.20759
1.71072	0.00984517	0.088199	0.162881	0.297013	0.493916	0.709611	1.20622
1.723	0.00988958	0.088191	0.162715	0.296588	0.493171	0.708376	1.20493
1.73536	0.009915	0.0881416	0.162537	0.296201	0.492296	0.70714	1.20368
1.7478	0.00992033	0.0881444	0.162409	0.29579	0.491502	0.705923	1.2024
1.76034	0.00993579	0.0880807	0.162277	0.295373	0.490625	0.704702	1.20119
1.77295	0.00995955	0.0880802	0.162087	0.295005	0.489813	0.703424	1.19973
1.78566	0.00999433	0.0880191	0.161924	0.294562	0.488986	0.702248	1.19845
1.79845	0.0100166	0.0879793	0.161776	0.294116	0.488143	0.701026	1.19712
1.81134	0.0100019	0.0879587	0.161663	0.293707	0.487269	0.699792	1.19593
1.8243	0.010022	0.08796	0.161506	0.293298	0.486422	0.698674	1.19461
1.83736	0.0100121	0.0878769	0.16136	0.292861	0.485595	0.697439	1.19327
1.85051	0.0100093	0.0878335	0.161243	0.292429	0.484717	0.696274	1.19191
1.86376	0.010022	0.087789	0.16108	0.291962	0.483905	0.695044	1.19061
1.8771	0.0100202	0.0877136	0.160957	0.29155	0.483059	0.693837	1.18939
1.89052	0.0100353	0.0877233	0.160823	0.291153	0.482252	0.692639	1.18809
1.90405	0.0100721	0.087662	0.160636	0.290718	0.481391	0.691435	1.18682
1.91766	0.010076	0.0876445	0.160546	0.290305	0.48057	0.690217	1.1855
1.93136	0.0101303	0.0875922	0.160359	0.289892	0.479762	0.688989	1.18424
1.94518	0.0101412	0.087575	0.160199	0.289474	0.478917	0.687768	1.18295
1.95907	0.0101829	0.0875182	0.160013	0.289032	0.478078	0.686591	1.18166
1.97306	0.0102079	0.0874963	0.15989	0.288647	0.477211	0.685359	1.18047
1.98716	0.0102475	0.0874835	0.159739	0.288224	0.476366	0.684191	1.17918
2.00135	0.0102547	0.087401	0.159576	0.287781	0.475535	0.683013	1.17794
2.01564	0.0102494	0.0873486	0.15946	0.287343	0.474676	0.68184	1.17665
2.03003	0.0102595	0.087324	0.159293	0.286912	0.473847	0.68064	1.17539
2.04451	0.0102666	0.0872699	0.159152	0.286531	0.473042	0.679509	1.17411
2.0591	0.0102707	0.0872288	0.159023	0.28611	0.472197	0.678329	1.17291
2.07379	0.010297	0.0871945	0.158857	0.285685	0.471347	0.677153	1.17162
2.08857	0.010319	0.087182	0.158713	0.285277	0.47054	0.675985	1.17032
2.10348	0.01039	0.0871078	0.158509	0.284894	0.469739	0.674804	1.16917
2.11846	0.0104105	0.0870973	0.15834	0.284454	0.468912	0.673664	1.16788
2.13356	0.0104208	0.0870758	0.158193	0.284046	0.46809	0.672448	1.1667
2.14878	0.0104308	0.087026	0.158031	0.283655	0.467295	0.671262	1.16547
2.16409	0.010449	0.0870166	0.157879	0.283221	0.466528	0.670198	1.16424
2.1795	0.0104734	0.0869815	0.157694	0.28277	0.465692	0.668959	1.163
2.19502	0.0104857	0.0869223	0.157559	0.282338	0.464892	0.667831	1.16177
2.21065	0.0104452	0.0868474	0.15742	0.281943	0.46409	0.666745	1.16062
2.2264	0.0104704	0.0868174	0.157269	0.281536	0.46329	0.66558	1.15937
2.24224	0.0104908	0.0867752	0.157107	0.28117	0.462482	0.664413	1.15817
2.2582	0.0105158	0.0867537	0.156958	0.280741	0.461696	0.663303	1.15706
2.27428	0.0105495	0.086721	0.156796	0.280342	0.460942	0.662153	1.15594
2.29045	0.0105567	0.0867434	0.156612	0.27995	0.460148	0.661007	1.15471
2.30675	0.0106081	0.0866907	0.156448	0.279582	0.459359	0.659879	1.15359
2.32315	0.0106243	0.0866583	0.156318	0.279171	0.458599	0.658815	1.15243
2.33966	0.0106526	0.0866159	0.15615	0.278748	0.457805	0.657723	1.15124
2.3563	0.0106544	0.0865888	0.156033	0.278342	0.457008	0.65666	1.1502
2.37305	0.0106628	0.0865483	0.155899	0.277954	0.456238	0.655543	1.14906
2.38991	0.0106594	0.0865075	0.155752	0.277554	0.455467	0.654471	1.14789
2.4069	0.0106881	0.0864759	0.155622	0.277171	0.454706	0.653413	1.14673
2.424	0.0107151	0.0864553	0.15549	0.27676	0.45399	0.652373	1.14566
2.44121	0.0107377	0.0864158	0.155333	0.27639	0.453241	0.651311	1.14456
2.45855	0.0107618	0.0864154	0.155175	0.276011	0.452489	0.650219	1.14342
2.47601	0.0108188	0.0863896	0.155021	0.2756	0.451728	0.649158	1.14246
2.49359	0.0108462	0.0863381	0.154882	0.275223	0.451003	0.648135	1.14133
2.51129	0.010872	0.0863432	0.154727	0.274825	0.45025	0.647115	1.14029
2.52911	0.0108828	0.0863049	0.154619	0.274436	0.449475	0.646108	1.13929
2.54706	0.0108742	0.0862444	0.154486	0.274064	0.448731	0.645092	1.13824
2.56514	0.0108827	0.0862	0.154351	0.273671	0.448031	0.64412	1.13713
2.58332	0.0109277	0.086133	0.154231	0.273297	0.447295	0.643076	1.13611
2.60165	0.010946	0.0861114	0.1541	0.272935	0.446606	0.642145	1.1351
2.6201	0.0109721	0.086096	0.153973	0.272578	0.445865	0.641116	1.13404
2.63867	0.0110263	0.0860724	0.153815	0.272204	0.445173	0.640105	1.13314
2.65739	0.0110601	0.086037	0.153658	0.271862	0.444474	0.639203	1.13211
2.67622	0.0110949	0.0860158	0.153505	0.271485	0.443757	0.638245	1.13119
2.69519	0.0110896	0.0859963	0.153402	0.271112	0.443056	0.637284	1.1302
2.71429	0.0111136	0.0859242	0.153247	0.270737	0.442369	0.636343	1.12918
2.73351	0.0111245	0.0858609	0.153115	0.270341	0.441676	0.635462	1.12825
2.75288	0.0111192	0.0858341	0.152989	0.270006	0.441027	0.634525	1.12731
2.77238	0.0111386	0.0857946	0.152847	0.269661	0.440355	0.633641	1.12643
2.79201	0.0111717	0.0857659	0.152728	0.269312	0.439643	0.632689	1.12547
2.81177	0.0111992	0.0857327	0.152543	0.268944	0.438996	0.631766	1.12462
2.83169	0.0112244	0.0857331	0.152361	0.268594	0.438374	0.630869	1.12374
2.85173	0.0112561	0.0857068	0.152253	0.268247	0.437681	0.629946	1.1228
2.87191	0.0113068	0.0856864	0.15211	0.267889	0.437038	0.629058	1.12189
2.89224	0.0112966	0.085636	0.151988	0.267506	0.436386	0.628215	1.12104
2.9127	0.0113092	0.0856028	0.151872	0.267145	0.435731	0.627327	1.12016
2.93331	0.0113194	0.0855508	0.151744	0.266836	0.435119	0.626484	1.1193
2.95405	0.0113627	0.0855381	0.151613	0.266517	0.434489	0.625606	1.11847
2.97495	0.0114267	0.0855282	0.151489	0.266156	0.433881	0.624751	1.11763
2.99599	0.0114568	0.0855202	0.151359	0.265847	0.43327	0.623914	1.11682
3.01716	0.0114812	0.0854849	0.151207	0.265559	0.432601	0.623066	1.11604
3.0385	0.0115449	0.085474	0.151066	0.265192	0.431988	0.622256	1.11524
3.05997	0.0115329	0.0854468	0.150986	0.264868	0.431388	0.6215	1.11441
3.0816	0.0115299	0.085391	0.150865	0.264549	0.430753	0.620726	1.11358
3.10337	0.0115498	0.0853387	0.150753	0.264258	0.430151	0.619935	1.1128
3.12531	0.0115881	0.085309	0.150621	0.263953	0.429553	0.619167	1.11198
3.14739	0.0116277	0.0853172	0.150521	0.263645	0.428966	0.618375	1.11126
3.16961	0.0116557	0.0853112	0.150374	0.263345	0.428405	0.6176	1.1105
3.192	0.0117174	0.0852972	0.150229	0.263063	0.427806	0.616816	1.10974
3.21455	0.0117492	0.0852694	0.150134	0.26276	0.427257	0.616126	1.10904
3.23725	0.0117708	0.0852841	0.150027	0.262453	0.426636	0.615364	1.10832
3.2601	0.0117602	0.0852008	0.149944	0.262123	0.426076	0.614628	1.10757
3.28311	0.0117681	0.0851899	0.149824	0.261826	0.425548	0.613913	1.10687
3.30629	0.0118303	0.0851688	0.149739	0.26152	0.424994	0.613204	1.10618
3.32962	0.0118497	0.0851781	0.149611	0.261246	0.424481	0.612474	1.10544
3.35311	0.0119257	0.0851603	0.149464	0.260933	0.423928	0.611729	1.1048
3.37678	0.0119609	0.0851648	0.149347	0.26064	0.423405	0.611014	1.10411
3.4006	0.0119907	0.0851564	0.14925	0.260321	0.422845	0.610322	1.1034
3.42459	0.0120092	0.0850865	0.14916	0.260021	0.422296	0.609629	1.10276
3.44874	0.0120099	0.0850681	0.149037	0.259705	0.421802	0.608959	1.10209
3.47306	0.0120149	0.0850284	0.148984	0.259429	0.421276	0.608277	1.10141
3.49755	0.0120442	0.0850223	0.148853	0.259186	0.420761	0.607593	1.10076
3.52221	0.0120716	0.0849847	0.148741	0.258894	0.420247	0.606864	1.1001
3.54704	0.0121135	0.0849884	0.148604	0.258636	0.419749	0.606216	1.09947
3.57205	0.0121328	0.0849573	0.148521	0.258311	0.419192	0.605547	1.0988
3.59722	0.0121355	0.0848947	0.148417	0.258004	0.4187	0.604909	1.09812
3.62258	0.0121399	0.0848629	0.148336	0.25772	0.418186	0.604255	1.0975
3.6481	0.012164	0.0848294	0.148221	0.257467	0.417673	0.603648	1.09687
3.6738	0.0122165	0.0848025	0.148108	0.257191	0.41718	0.602982	1.09624
3.69969	0.012256	0.0848288	0.148002	0.256925	0.416679	0.602296	1.09569
3.72575	0.0122885	0.0847956	0.147875	0.256665	0.416186	0.601654	1.09506
3.75199	0.0123182	0.0847733	0.147775	0.256374	0.415663	0.601022	1.09454
3.77841	0.012304	0.0847508	0.147691	0.256074	0.415182	0.600436	1.09388
3.80501	0.0123044	0.084693	0.147609	0.255811	0.414662	0.599817	1.09329
3.83181	0.0123425	0.084669	0.147509	0.255563	0.41423	0.599206	1.09276
3.85879	0.0123647	0.0846951	0.147416	0.255321	0.413718	0.598572	1.09226
3.88595	0.0124009	0.0846802	0.147276	0.25506	0.413269	0.597928	1.09167
3.9133	0.0124455	0.0846885	0.147163	0.254794	0.41275	0.597357	1.09113
3.94084	0.0124577	0.0846527	0.147093	0.254533	0.412253	0.596755	1.09053
3.96858	0.0124595	0.0845791	0.147017	0.254253	0.411757	0.59615	1.08995
3.9965	0.0124932	0.0845607	0.146956	0.254012	0.411331	0.595582	1.08935
4.02461	0.0125245	0.084558	0.146891	0.25378	0.410851	0.594943	1.08885
4.05293	0.0125707	0.0845542	0.146771	0.253555	0.4104	0.594335	1.08827
4.08144	0.0126284	0.0845753	0.146659	0.253267	0.409939	0.593728	1.08776
4.11015	0.0126442	0.0845565	0.146559	0.253022	0.409425	0.593167	1.08723
4.13905	0.0126412	0.0845188	0.146467	0.25273	0.408976	0.592598	1.08663
4.16816	0.012671	0.0845001	0.146384	0.25249	0.40851	0.59204	1.08615
4.19746	0.0127099	0.0844691	0.146303	0.252265	0.40805	0.591436	1.08563
4.22697	0.0127628	0.0844912	0.146136	0.251984	0.407603	0.590847	1.08517
4.2567	0.0127876	0.0844816	0.146034	0.251752	0.407101	0.590278	1.08473
4.28661	0.0128171	0.0844655	0.145918	0.251448	0.406598	0.589724	1.08416
4.31675	0.0128045	0.0844227	0.145819	0.25114	0.406136	0.589172	1.08363
4.34709	0.0128115	0.0843977	0.145721	0.250897	0.405671	0.58859	1.08308
4.37764	0.0128564	0.0844098	0.145644	0.250622	0.405223	0.588013	1.08255
4.40839	0.0128672	0.0844292	0.145523	0.250354	0.404762	0.587438	1.08204
4.43936	0.0129015	0.0844285	0.145405	0.250094	0.404293	0.586903	1.08152
4.47055	0.0129179	0.0844164	0.145333	0.249805	0.403818	0.586343	1.08102
4.50196	0.0128868	0.0843781	0.145279	0.249527	0.403383	0.585784	1.08051
4.53358	0.0129161	0.0843632	0.145208	0.249309	0.402964	0.585212	1.07999
4.56542	0.0129574	0.0843838	0.145139	0.249056	0.402534	0.584656	1.07953
4.59749	0.0129935	0.0843825	0.14502	0.248835	0.402072	0.584069	1.07902
4.62976	0.0130412	0.0843781	0.144931	0.248568	0.401624	0.583578	1.07855
4.66227	0.0130358	0.0843262	0.144874	0.248324	0.40117	0.583081	1.07803
4.69501	0.0130712	0.0843001	0.144787	0.248065	0.400762	0.582534	1.07748
4.72796	0.0131207	0.0843189	0.144702	0.247873	0.400345	0.581985	1.07703
4.76116	0.0131808	0.0843142	0.144602	0.24763	0.399903	0.581403	1.07652
4.79458	0.0132408	0.0843213	0.144475	0.247382	0.399454	0.580864	1.07606
4.82823	0.0132617	0.0842701	0.1444	0.247166	0.398989	0.580321	1.07552
4.86211	0.0132726	0.0842532	0.144323	0.246911	0.398577	0.579753	1.07503
4.89622	0.0132958	0.0842769	0.144258	0.246707	0.398155	0.579173	1.07456
4.93059	0.0133481	0.0842638	0.144148	0.246483	0.397731	0.578589	1.0741
4.96518	0.0133686	0.0842781	0.144039	0.246251	0.397273	0.57802	1.07362
5.00001	0.0133638	0.0842141	0.143943	0.245994	0.396814	0.577462	1.07308
5.03509	0.0133278	0.0841754	0.143883	0.245762	0.396362	0.576943	1.07257
5.0704	0.0133609	0.0841609	0.143801	0.245524	0.395932	0.576388	1.07205
5.10596	0.013396	0.0841514	0.143703	0.245312	0.395502	0.575811	1.07156
5.14178	0.0134365	0.0841464	0.143609	0.24508	0.395034	0.575296	1.07101
5.17782	0.0134589	0.0840966	0.143532	0.244777	0.394576	0.574786	1.07051
5.21414	0.0134799	0.0840491	0.143459	0.244549	0.394165	0.574259	1.07001
5.25069	0.0135473	0.0840681	0.143382	0.244314	0.393762	0.573724	1.06955
5.2875	0.0136004	0.0840799	0.14325	0.244088	0.393335	0.57318	1.06904
5.32457	0.0136467	0.0840793	0.143132	0.243802	0.392907	0.572676	1.06859
5.3619	0.0136547	0.0840654	0.143065	0.243527	0.392435	0.572168	1.06807
5.39948	0.0136571	0.0840551	0.142971	0.243269	0.392025	0.571623	1.06758
5.43733	0.0136794	0.0840824	0.142897	0.243042	0.391602	0.57109	1.06713
5.47542	0.0137103	0.0841003	0.142776	0.24278	0.391161	0.570523	1.06667
5.5138	0.0137234	0.0841041	0.142681	0.242519	0.390695	0.569997	1.06619
5.55244	0.0137166	0.0840662	0.142585	0.242261	0.39027	0.569463	1.06566
5.59134	0.013728	0.0840777	0.142527	0.242066	0.389848	0.568924	1.06525
5.63051	0.0137722	0.0840956	0.142421	0.241845	0.38943	0.568356	1.06483
5.66995	0.0138081	0.0841237	0.142298	0.24163	0.388981	0.567822	1.0644
5.70967	0.0138162	0.0840695	0.142221	0.241351	0.38853	0.567294	1.06395
5.74966	0.0138118	0.0840378	0.142175	0.241103	0.388104	0.566772	1.06348
5.78994	0.0138489	0.0840094	0.142097	0.240871	0.387713	0.566233	1.06304
5.83049	0.0138813	0.0840121	0.14198	0.240648	0.387302	0.565702	1.06257
5.87131	0.0138881	0.083951	0.141895	0.240404	0.386857	0.565207	1.0621
5.91244	0.0138532	0.0839207	0.141842	0.240179	0.386429	0.564714	1.06159
5.95384	0.0138977	0.0838997	0.141785	0.23998	0.386042	0.564211	1.06112
5.99551	0.0139532	0.0839091	0.141701	0.239785	0.385608	0.563654	1.06068
6.03749	0.0140028	0.0838859	0.141607	0.239516	0.385174	0.563179	1.06022
6.07976	0.0140041	0.0838425	0.141561	0.239234	0.384748	0.562659	1.05973
6.12231	0.0140382	0.0838473	0.141508	0.238993	0.384381	0.562185	1.05928
6.16517	0.0140716	0.0838552	0.141425	0.238772	0.383994	0.561651	1.05886
6.20832	0.0141067	0.083845	0.141296	0.238527	0.383561	0.561125	1.0584
6.25177	0.0141111	0.0837899	0.141229	0.238261	0.383117	0.560653	1.05791
6.29553	0.0141217	0.0837978	0.141162	0.238068	0.382696	0.560127	1.05743
6.33957	0.0141643	0.0838125	0.141042	0.237851	0.38227	0.559564	1.057
6.38394	0.0142011	0.0838117	0.140927	0.23763	0.38181	0.559035	1.05653
6.4286	0.0142078	0.0838087	0.140834	0.237386	0.381368	0.55855	1.05606
6.47358	0.0142241	0.0838204	0.140802	0.23719	0.380962	0.557995	1.05566
6.51888	0.0142715	0.0838707	0.140696	0.236977	0.380567	0.557476	1.05527
6.56448	0.0143061	0.0838606	0.140587	0.236731	0.380113	0.556961	1.05478
6.61039	0.0142738	0.0838343	0.140569	0.236488	0.379717	0.556498	1.05433
6.65662	0.0142856	0.0838406	0.140522	0.236286	0.379353	0.556007	1.05387
6.70319	0.0143158	0.0838431	0.140441	0.236052	0.378955	0.555522	1.05343
6.75006	0.0143369	0.0838156	0.140375	0.23579	0.37855	0.555083	1.05292
6.79728	0.0143148	0.0837726	0.140317	0.235563	0.378153	0.554589	1.05246
6.8448	0.014348	0.0837882	0.140244	0.235362	0.377781	0.554056	1.05203
6.89266	0.0143926	0.0837851	0.140098	0.235132	0.377356	0.553531	1.05161
6.94086	0.0143807	0.0837405	0.140016	0.234889	0.376934	0.553026	1.05111
6.98939	0.0143671	0.0837233	0.139952	0.234672	0.376576	0.552507	1.05069
7.03825	0.0143918	0.0837388	0.139836	0.234461	0.376179	0.551974	1.0502
7.08745	0.0144159	0.0837654	0.139735	0.234226	0.375731	0.551483	1.04978
7.137	0.0144194	0.0837473	0.139676	0.233982	0.375331	0.550976	1.04935
7.18689	0.0144588	0.0837814	0.139631	0.233755	0.374943	0.550455	1.04895
7.23711	0.014545	0.0838211	0.139589	0.233549	0.374554	0.549935	1.04854
7.2877	0.014584	0.0837862	0.139504	0.23328	0.374123	0.549488	1.04808
7.33862	0.0145879	0.0837591	0.139441	0.233042	0.373745	0.549001	1.04767
7.38991	0.0146438	0.0837815	0.139361	0.232827	0.373375	0.548499	1.04726
7.44155	0.0146636	0.083748	0.139233	0.232611	0.37298	0.548031	1.0468
7.49355	0.01463	0.0837151	0.139164	0.2324	0.372593	0.547563	1.04632
7.54591	0.0146115	0.0837342	0.139105	0.232241	0.372251	0.547056	1.04592
7.59864	0.0146289	0.0837326	0.138978	0.232052	0.371819	0.546568	1.04547
7.65172	0.0146147	0.0837052	0.138916	0.23182	0.371397	0.546116	1.04503
7.70517	0.0146026	0.0837097	0.138855	0.23165	0.37101	0.545629	1.04465
7.759	0.0146399	0.083761	0.138758	0.231466	0.370594	0.545135	1.04426
7.8132	0.0146554	0.0837261	0.138648	0.231202	0.370171	0.544676	1.04386
7.86777	0.0146368	0.0837435	0.138597	0.230986	0.369829	0.544229	1.04344
7.92273	0.014674	0.0837647	0.138514	0.230773	0.369459	0.543731	1.04306
7.97806	0.0146978	0.0837674	0.138409	0.230545	0.369027	0.543278	1.04263
8.03378	0.0146935	0.0837511	0.138365	0.230311	0.368679	0.542826	1.04215
8.08988	0.0147387	0.0837801	0.138339	0.230119	0.368313	0.542326	1.04172
8.14637	0.0147876	0.0837717	0.138268	0.229889	0.367901	0.541874	1.04129
8.20326	0.0147791	0.0837289	0.138234	0.229679	0.367529	0.541418	1.04091
8.26054	0.0147915	0.0837247	0.138143	0.229508	0.367174	0.540922	1.04056
8.31821	0.0148421	0.0837047	0.137986	0.229312	0.366767	0.540469	1.04018
8.37629	0.0148286	0.0836625	0.137907	0.229094	0.366441	0.540032	1.03978
8.43476	0.014866	0.0836612	0.137855	0.228899	0.366104	0.539537	1.03945
8.49365	0.0149142	0.0836685	0.137751	0.228695	0.365707	0.539121	1.03909
8.55294	0.0148904	0.0836498	0.137719	0.228452	0.365331	0.538725	1.03873
8.61264	0.0148955	0.0836775	0.137685	0.22827	0.364981	0.538275	1.03834
8.67275	0.014922	0.0837079	0.137601	0.228026	0.364615	0.537885	1.03784
8.73329	0.0148798	0.0837145	0.137591	0.227801	0.364257	0.537448	1.03741
8.79424	0.0148746	0.0837536	0.137559	0.227638	0.363891	0.536957	1.03698
8.85561	0.0149107	0.0837659	0.137477	0.227437	0.363463	0.536507	1.03657
8.91741	0.0148937	0.0837554	0.137461	0.227222	0.363134	0.536052	1.03627
8.97964	0.0149365	0.0837933	0.137349	0.227065	0.362768	0.535574	1.03598
9.0423	0.0149811	0.0837919	0.137247	0.226853	0.362391	0.535153	1.03564
9.1054	0.0149661	0.0837749	0.137188	0.226649	0.362064	0.534724	1.03533
9.16893	0.0150047	0.0838284	0.137111	0.226455	0.361717	0.534288	1.035
9.2329	0.0150158	0.0837971	0.13706	0.226211	0.361357	0.533885	1.03461
9.29731	0.0150055	0.0838016	0.137031	0.226031	0.361048	0.533416	1.03425
9.36217	0.0150647	0.0838	0.136936	0.225836	0.360678	0.532947	1.03383
9.42749	0.0150699	0.0837175	0.136896	0.225633	0.360356	0.532515	1.03343
9.49325	0.0150712	0.0837209	0.136847	0.225483	0.360003	0.532039	1.03308
9.55947	0.0150677	0.0837129	0.136753	0.225302	0.359619	0.531636	1.03269
9.62615	0.01502	0.0836834	0.136708	0.225137	0.359312	0.531233	1.03238
9.69329	0.0150488	0.0837474	0.136615	0.224998	0.358961	0.530811	1.03202
9.7609	0.015085	0.0837546	0.136571	0.224795	0.358622	0.53045	1.03168
9.82897	0.0150868	0.0838018	0.136542	0.224637	0.358321	0.530037	1.03136
9.89752	0.0151345	0.0838457	0.136449	0.224449	0.357952	0.529662	1.03096
9.96654	0.01514	0.0838245	0.136426	0.224243	0.357613	0.52928	1.03061
10.036	0.015157	0.0838756	0.136348	0.224055	0.357283	0.528845	1.03024
10.106	0.0151336	0.0838727	0.136266	0.223817	0.356924	0.528432	1.02986
10.1765	0.0150801	0.0838803	0.136212	0.223633	0.356638	0.527999	1.02953
10.2474	0.0151325	0.0838894	0.136128	0.223497	0.356295	0.527596	1.02906
10.3189	0.0151186	0.0838368	0.136092	0.223341	0.355995	0.527214	1.0287
10.3908	0.015144	0.0838511	0.136024	0.223207	0.355682	0.526799	1.02838
10.4633	0.0151581	0.0838274	0.135965	0.222976	0.355352	0.526444	1.02807
10.5362	0.0151421	0.0838352	0.135946	0.222811	0.355061	0.526067	1.02781
10.6097	0.0151816	0.0838351	0.135867	0.222612	0.354736	0.52572	1.02749
10.6836	0.0151441	0.0838138	0.135869	0.222441	0.354465	0.52534	1.02717
10.7581	0.0151789	0.0838436	0.135815	0.222295	0.354122	0.524923	1.02684
10.8331	0.0151826	0.0838306	0.135785	0.222104	0.35382	0.52455	1.02652
10.9086	0.0152239	0.0838498	0.135711	0.221967	0.353466	0.524122	1.02622
10.9846	0.0152544	0.083874	0.135643	0.221767	0.353115	0.523773	1.0259
11.0612	0.0152373	0.0838829	0.135596	0.221642	0.352829	0.523419	1.02559
11.1383	0.0152369	0.0839364	0.13552	0.221461	0.352521	0.523053	1.02514
11.2159	0.0151692	0.0839109	0.13548	0.221306	0.352245	0.522659	1.02483
11.2941	0.0151862	0.0839549	0.135385	0.22113	0.351933	0.522265	1.02445
11.3728	0.0151579	0.0839353	0.135381	0.220955	0.351668	0.521906	1.02413
11.452	0.0151821	0.0839332	0.135332	0.220828	0.35136	0.521522	1.02381
11.5318	0.0152086	0.0839328	0.135307	0.220634	0.351092	0.521176	1.0235
11.6122	0.015257	0.0839699	0.135284	0.220505	0.350792	0.52081	1.0232
11.6931	0.0152784	0.0839966	0.135229	0.220324	0.350488	0.520488	1.02292
11.7745	0.0152837	0.0839776	0.135225	0.220188	0.350202	0.52015	1.02269
11.8566	0.0152961	0.0839839	0.135147	0.22002	0.349884	0.51984	1.02241
11.9392	0.0152974	0.0839635	0.135138	0.219867	0.349577	0.519439	1.02215
12.0224	0.015325	0.0839971	0.135032	0.219684	0.349225	0.519108	1.02179
12.1061	0.0152904	0.0839929	0.135005	0.219557	0.348952	0.518725	1.02151
12.1904	0.0152951	0.084042	0.134905	0.219445	0.34869	0.518364	1.0212
12.2753	0.0152627	0.0840355	0.134882	0.219305	0.3485	0.518	1.02095
12.3609	0.0153065	0.084062	0.134822	0.219132	0.348193	0.517661	1.02071
12.4469	0.0152819	0.0840237	0.134837	0.218982	0.347952	0.517362	1.02058
12.5336	0.015312	0.0840567	0.134787	0.218843	0.347603	0.517068	1.02027
12.6209	0.0152837	0.0840505	0.134775	0.218683	0.347335	0.516765	1.02001
12.7088	0.0153058	0.0841001	0.134724	0.218547	0.347066	0.51645	1.01972
12.7973	0.0152707	0.0840662	0.134721	0.218402	0.346835	0.5161	1.0194
12.8865	0.0152979	0.0841066	0.134667	0.218261	0.346548	0.515748	1.01901
12.9762	0.0153159	0.0841097	0.134618	0.218123	0.34629	0.515405	1.0187
13.0666	0.0154024	0.0841615	0.134486	0.217967	0.346012	0.515086	1.0184
13.1576	0.0153092	0.0841428	0.134465	0.21784	0.345777	0.514778	1.01815
13.2492	0.0152065	0.0841967	0.134404	0.217685	0.345526	0.514491	1.01787
13.3414	0.0152402	0.0841713	0.134434	0.217563	0.345297	0.514156	1.01762
13.4343	0.0153958	0.0842082	0.134396	0.217397	0.345052	0.513834	1.01733
13.5279	0.0154285	0.0842113	0.134413	0.217304	0.344801	0.51348	1.01712
13.6221	0.0154365	0.0842502	0.134336	0.217177	0.344556	0.513204	1.01689
13.7169	0.0154114	0.0842866	0.134273	0.217107	0.344267	0.512895	1.01672
13.8124	0.0154151	0.0842999	0.134243	0.216947	0.343989	0.51264	1.0165
13.9086	0.015416	0.0843034	0.134198	0.216862	0.343721	0.512336	1.01631
14.0054	0.0153927	0.0842765	0.134168	0.216651	0.343509	0.512056	1.0161
14.1029	0.0153816	0.0842924	0.134108	0.216555	0.343244	0.511746	1.01584
14.201	0.0153498	0.0842945	0.134082	0.216447	0.343032	0.511407	1.0156
14.2999	0.0153503	0.0843552	0.134041	0.216321	0.342812	0.511114	1.01534
14.3994	0.015322	0.0843849	0.13406	0.216221	0.342612	0.510814	1.0151
14.4997	0.0154138	0.0844845	0.134018	0.216068	0.342389	0.51058	1.01482
14.6006	0.0154127	0.0845262	0.134001	0.215951	0.342141	0.510332	1.01456
14.7022	0.0153567	0.0844441	0.133975	0.215822	0.341923	0.510052	1.01437
14.8045	0.0153935	0.0844289	0.133927	0.215747	0.341683	0.509747	1.01415
14.9076	0.0153748	0.0844466	0.133882	0.215609	0.341485	0.509456	1.01392
15.0113	0.0153819	0.0844953	0.133838	0.215435	0.341268	0.509194	1.01363
15.1158	0.0153645	0.0844744	0.133835	0.215314	0.341024	0.508905	1.01338
15.221	0.0154093	0.0844764	0.133792	0.215187	0.34079	0.508695	1.01322
15.3269	0.0154533	0.0845473	0.133771	0.21509	0.340569	0.508451	1.01306
15.4336	0.015467	0.0845757	0.133762	0.214963	0.340382	0.508133	1.01283
15.541	0.0155182	0.0846076	0.133744	0.214868	0.340167	0.507845	1.01259
15.6491	0.0155086	0.0846151	0.133754	0.214798	0.339913	0.507533	1.01244
15.758	0.0155245	0.0846186	0.13372	0.2147	0.339694	0.50729	1.0123
15.8676	0.0154538	0.0846534	0.133672	0.214629	0.339468	0.5071	1.01214
15.978	0.0153872	0.0846541	0.133643	0.214488	0.339289	0.506809	1.01199
16.0892	0.015369	0.0846939	0.13359	0.214297	0.339098	0.506552	1.01176
16.2012	0.0153706	0.0847174	0.133559	0.214224	0.338877	0.50631	1.01153
16.3139	0.0153974	0.0847263	0.133548	0.214168	0.33867	0.506073	1.01131
16.4274	0.0154569	0.0847909	0.133536	0.214048	0.33846	0.505832	1.01112
16.5417	0.0154892	0.0847929	0.13355	0.21395	0.338254	0.505564	1.01096
16.6567	0.0154801	0.0847779	0.133521	0.21384	0.338091	0.505329	1.0108
16.7726	0.0155312	0.0847709	0.13349	0.213711	0.337938	0.505109	1.01061
16.8893	0.0154378	0.0847626	0.133489	0.21368	0.337702	0.504877	1.0104
17.0068	0.0153732	0.0848041	0.133442	0.213588	0.337467	0.504651	1.0102
17.1251	0.0153799	0.0848458	0.133413	0.213466	0.337286	0.504436	1.00998
17.2442	0.0153535	0.0847905	0.133411	0.213331	0.337139	0.504169	1.00974
17.3641	0.0153542	0.0848137	0.133394	0.213219	0.336991	0.503933	1.00948
17.4849	0.0154063	0.0848788	0.13333	0.213128	0.336811	0.503734	1.0093
17.6065	0.0154174	0.0849332	0.133287	0.213069	0.336553	0.50354	1.00916
17.729	0.0154035	0.0849406	0.133272	0.213	0.336353	0.503336	1.00907
17.8523	0.0154064	0.0849727	0.133256	0.212903	0.336185	0.503123	1.00898
17.9765	0.0153803	0.0850045	0.133233	0.212798	0.335998	0.502901	1.00881
18.1015	0.0153407	0.0850144	0.133203	0.21271	0.335787	0.502656	1.00856
18.2274	0.0153568	0.0850514	0.133181	0.212621	0.335614	0.502466	1.00837
18.3541	0.015408	0.0850803	0.133152	0.212501	0.335466	0.502253	1.00818
18.4818	0.0153851	0.0850767	0.133153	0.21245	0.335164	0.502029	1.00813
18.6103	0.0153624	0.085078	0.133181	0.212386	0.33466	0.501801	1.00806
18.7397	0.0153693	0.085115	0.133168	0.212274	0.33462	0.501604	1.00785
18.87	0.0153722	0.0851697	0.133146	0.21219	0.334496	0.501436	1.00765
19.0012	0.0153713	0.0852125	0.133125	0.212161	0.33435	0.501264	1.00742
19.1334	0.0154059	0.085241	0.133096	0.212082	0.33422	0.501036	1.00726
19.2664	0.0154661	0.0851934	0.133064	0.211964	0.334092	0.50079	1.00711
19.4004	0.0154504	0.0852176	0.133067	0.211861	0.333854	0.500611	1.00699
19.5353	0.0153978	0.0852431	0.133094	0.21177	0.33374	0.500441	1.00679
19.6711	0.0153413	0.0852695	0.133104	0.211709	0.333629	0.500245	1.0067
19.8079	0.0153018	0.0852998	0.133047	0.211623	0.333521	0.500068	1.00665
19.9456	0.0153645	0.0853278	0.133009	0.211533	0.333379	0.499894	1.00652
20.0843	0.0154254	0.0853636	0.132985	0.211482	0.333201	0.499737	1.00633
20.2239	0.0154298	0.0853626	0.132954	0.211451	0.333012	0.499509	1.00616
20.3645	0.0154248	0.0853466	0.132989	0.211341	0.332859	0.499271	1.00607
20.5061	0.0153795	0.0853976	0.132958	0.211233	0.332752	0.499041	1.00591
20.6486	0.0153269	0.085473	0.132901	0.211188	0.332624	0.498855	1.00575
20.7922	0.0152935	0.0855308	0.132885	0.211181	0.332502	0.498746	1.00561
20.9367	0.0152687	0.0855519	0.132892	0.211113	0.332359	0.498582	1.00549
21.0823	0.0152896	0.0855632	0.132899	0.211026	0.332182	0.498392	1.00539
21.2288	0.0152952	0.085529	0.1329	0.210945	0.332007	0.498193	1.00524
21.3764	0.0153253	0.0855525	0.132884	0.210865	0.331897	0.497999	1.00505
21.525	0.0153691	0.0855603	0.132863	0.210826	0.331778	0.497851	1.00485
21.6746	0.0153819	0.0855875	0.132858	0.210759	0.331636	0.497714	1.00474
21.8252	0.0154001	0.0856183	0.132877	0.210603	0.331511	0.49753	1.00472
21.9769	0.0154134	0.0856366	0.132832	0.210507	0.331354	0.49731	1.00458
22.1297	0.0153764	0.0856365	0.132787	0.210457	0.331171	0.497152	1.00432
22.2835	0.0153293	0.0856217	0.132756	0.210448	0.331075	0.497053	1.0041
22.4384	0.0152685	0.0856621	0.132757	0.210394	0.330969	0.496873	1.00406
22.5943	0.0152165	0.0857019	0.132746	0.210287	0.330829	0.49669	1.00395
22.7514	0.0152366	0.0857394	0.132736	0.210234	0.330666	0.496528	1.00383
22.9095	0.0152519	0.0857803	0.132752	0.210198	0.330529	0.496382	1.00364
23.0687	0.0152571	0.0858346	0.132772	0.210144	0.330444	0.496184	1.00344
23.229	0.015225	0.0858472	0.132694	0.210082	0.330293	0.49599	1.00342
23.3904	0.0152486	0.0858307	0.132653	0.210004	0.330121	0.495827	1.00337
23.553	0.0153043	0.085839	0.132663	0.209931	0.330022	0.495676	1.00318
23.7167	0.0153	0.0858922	0.132698	0.209858	0.329931	0.495487	1.00308
23.8815	0.0152636	0.0859549	0.132725	0.209787	0.329816	0.495302	1.00296
24.0474	0.0152615	0.0859599	0.132731	0.209781	0.329667	0.495154	1.00291
24.2146	0.0152597	0.0859487	0.132651	0.2097	0.329496	0.495007	1.00276
24.3828	0.0152831	0.085972	0.132613	0.209597	0.329406	0.494893	1.00258
24.5522	0.015305	0.0860187	0.132625	0.209542	0.329273	0.494741	1.00238
24.7229	0.0153226	0.0860767	0.132602	0.209543	0.329123	0.49449	1.00227
24.8946	0.0153072	0.0860749	0.13264	0.209533	0.328982	0.494419	1.00225
25.0676	0.0153062	0.0860845	0.132646	0.209418	0.328876	0.494306	1.00223
25.2418	0.0153271	0.0861208	0.132558	0.209322	0.328794	0.494111	1.00206
25.4172	0.0152878	0.0861163	0.132519	0.209308	0.328616	0.493929	1.00189
25.5938	0.0152423	0.0861301	0.132501	0.209262	0.328498	0.493796	1.00183
25.7716	0.0152948	0.0861781	0.132511	0.209214	0.328411	0.493641	1.00176
25.9506	0.0153374	0.0862125	0.132463	0.209145	0.328277	0.493467	1.00156
26.131	0.0153055	0.086192	0.132423	0.209092	0.328158	0.493344	1.00142
26.3125	0.0152422	0.0861796	0.132467	0.209026	0.328052	0.493249	1.00122
26.4953	0.015214	0.0861833	0.132491	0.208967	0.327949	0.493051	1.00098
26.6794	0.01527	0.0861825	0.132473	0.208941	0.327812	0.492887	1.00087
26.8647	0.0152626	0.0862069	0.132455	0.208864	0.327681	0.492725	1.00087
27.0514	0.0152239	0.0862858	0.132442	0.208754	0.327554	0.492571	1.00087
27.2393	0.0152709	0.0862714	0.132403	0.208771	0.327486	0.492395	1.0008
27.4285	0.0152588	0.0862978	0.132384	0.208741	0.327359	0.492249	1.00069
27.619	0.0153022	0.0863445	0.1324	0.20865	0.327179	0.492165	1.00067
27.8109	0.0153012	0.0863655	0.132366	0.208636	0.32713	0.492001	1.00051
28.0041	0.0152942	0.0863608	0.132333	0.208525	0.327014	0.491808	1.00029
28.1986	0.0152691	0.0863831	0.132356	0.208431	0.326856	0.491683	1.00023
28.3945	0.0152202	0.0863685	0.132361	0.208414	0.326726	0.491573	1.00001
28.5918	0.01515	0.0863677	0.132334	0.208352	0.326599	0.491387	0.999784
28.7904	0.0152176	0.0864476	0.132338	0.208302	0.326499	0.491229	0.999606
28.9903	0.0152699	0.0864908	0.132312	0.208251	0.326401	0.491113	0.999544
29.1917	0.0152945	0.0864527	0.132275	0.208225	0.326263	0.490921	0.999557
29.3945	0.0152368	0.0864417	0.132288	0.208176	0.326125	0.490803	0.999475
29.5986	0.0151573	0.0864504	0.13231	0.20808	0.326067	0.490697	0.99935
29.8042	0.0152037	0.0864476	0.132297	0.20798	0.326023	0.490529	0.999212
30.0112	0.0152338	0.0864699	0.132231	0.207983	0.325847	0.490315	0.99893
30.2197	0.0152546	0.0864886	0.132204	0.207958	0.325721	0.490234	0.998751
30.4296	0.0152676	0.0865047	0.132229	0.207877	0.32565	0.490135	0.998675
30.6409	0.0152568	0.0864759	0.132241	0.207838	0.325465	0.489954	0.998502
30.8537	0.015203	0.0864648	0.132231	0.207816	0.325364	0.489793	0.998339
31.068	0.0151461	0.0865413	0.13213	0.207702	0.325286	0.489626	0.998256
31.2838	0.0151409	0.086604	0.132204	0.207638	0.325174	0.489502	0.998104
31.501	0.0151786	0.0865874	0.132165	0.207633	0.325048	0.48938	0.998008
31.7198	0.0152462	0.0865552	0.132123	0.207595	0.324972	0.48914	0.998056
31.9401	0.0152201	0.0865639	0.132101	0.2075	0.324811	0.489032	0.997926
32.1619	0.0152213	0.0865662	0.132106	0.207404	0.324751	0.488896	0.99767
32.3853	0.0152802	0.0866098	0.132037	0.207372	0.324648	0.488719	0.99742
32.6102	0.0152496	0.0866418	0.132036	0.20733	0.324512	0.488596	0.997411
32.8366	0.0152266	0.0865857	0.132046	0.207253	0.32439	0.488485	0.997422
33.0647	0.0152085	0.0866201	0.132052	0.207154	0.324293	0.488357	0.997278
33.2943	0.0152024	0.0866071	0.132008	0.207131	0.324149	0.488206	0.997063
33.5255	0.0151934	0.0866265	0.131968	0.207143	0.324013	0.488036	0.99698
33.7583	0.0152311	0.0866571	0.131868	0.20703	0.323956	0.487899	0.996796
33.9927	0.0152376	0.0866514	0.131898	0.207004	0.323841	0.48775	0.996683
34.2287	0.0152291	0.0866254	0.131929	0.206977	0.323719	0.48752	0.996684
34.4664	0.015211	0.0866234	0.131903	0.206908	0.323608	0.487387	0.996542
34.7057	0.015166	0.0865846	0.131895	0.20682	0.323451	0.487272	0.996399
34.9467	0.0151958	0.0866118	0.131812	0.206738	0.32338	0.487092	0.996242
35.1894	0.0152636	0.0866524	0.131808	0.206697	0.323303	0.486964	0.996017
35.4337	0.0152407	0.0866344	0.131578	0.206693	0.323179	0.486836	0.99592
35.6797	0.0151887	0.0866997	0.131642	0.206613	0.323043	0.486647	0.995789
35.9275	0.0151665	0.0866699	0.131654	0.20655	0.322908	0.486548	0.995599
36.1769	0.0152049	0.0866362	0.131626	0.206444	0.32283	0.486372	0.995589
36.4281	0.0151844	0.0866892	0.131631	0.206428	0.322681	0.486177	0.995384
36.681	0.0151775	0.0866839	0.131665	0.206432	0.322599	0.48606	0.995275
36.9357	0.0152863	0.0866764	0.131604	0.206359	0.322523	0.485893	0.99511
37.1921	0.0152439	0.0866796	0.131605	0.206236	0.322416	0.485769	0.994934
37.4504	0.0152055	0.0866541	0.131578	0.206188	0.322211	0.485629	0.994812
37.7104	0.0152471	0.0866791	0.131534	0.206162	0.322121	0.485443	0.994796
37.9722	0.0152361	0.0866485	0.131581	0.206137	0.322049	0.485317	0.994614
38.2358	0.0151824	0.0867032	0.131538	0.206015	0.321952	0.485158	0.994439
38.5013	0.0151644	0.0867	0.131537	0.205957	0.321793	0.485039	0.99423
38.7686	0.0151546	0.0866846	0.1315	0.205959	0.321671	0.484932	0.994208
39.0377	0.0152101	0.0867081	0.131481	0.20586	0.32158	0.484657	0.994101
39.3087	0.0151525	0.0866963	0.131442	0.205786	0.321432	0.484566	0.993825
39.5816	0.0151402	0.0867061	0.131452	0.205732	0.321328	0.484445	0.993707
39.8564	0.0151454	0.0867372	0.131406	0.205701	0.321231	0.484252	0.99357
40.1331	0.0152058	0.0867304	0.131408	0.205648	0.321091	0.484205	0.993441
40.4117	0.015204	0.0867035	0.131399	0.20561	0.321014	0.483959	0.993323
40.6922	0.0151719	0.0866597	0.131385	0.205497	0.320868	0.4838	0.993284
40.9747	0.0152534	0.0867218	0.131333	0.20547	0.320769	0.483675	0.992969
41.2591	0.0151893	0.0866879	0.131295	0.205427	0.320647	0.483525	0.992807
41.5456	0.0151617	0.0866414	0.131283	0.205376	0.320605	0.483385	0.99283
41.834	0.0152316	0.0866927	0.131265	0.205302	0.320419	0.483305	0.992876
42.1243	0.0151881	0.0866608	0.131193	0.205218	0.32031	0.483126	0.992684
42.4168	0.0151568	0.0866873	0.131247	0.20522	0.320172	0.482918	0.992423
42.7112	0.015196	0.0866547	0.131222	0.20514	0.32008	0.482784	0.992306
43.0077	0.0151858	0.0866461	0.131169	0.205092	0.319999	0.482562	0.992165
43.3062	0.0151167	0.0866306	0.131119	0.205047	0.31986	0.482502	0.992047
43.6068	0.015199	0.0866276	0.131077	0.204963	0.319796	0.482341	0.991918
43.9095	0.0151744	0.086598	0.131015	0.204884	0.319633	0.48219	0.991806
44.2142	0.015189	0.086589	0.131009	0.204823	0.319536	0.482029	0.991595
44.5211	0.015211	0.0866102	0.131004	0.204763	0.319402	0.481865	0.991525
44.8302	0.0151791	0.0866381	0.13096	0.204749	0.31931	0.481698	0.991307
45.1413	0.015152	0.0865819	0.130894	0.204715	0.319198	0.481539	0.991147
45.4547	0.0152179	0.0865811	0.130864	0.204617	0.319099	0.481407	0.990996
45.7701	0.0151892	0.0865984	0.130831	0.20451	0.318989	0.481252	0.990779
46.0878	0.0151801	0.0866379	0.130777	0.204531	0.318886	0.481111	0.99065
46.4077	0.0151835	0.0865804	0.130834	0.204499	0.318747	0.480969	0.990551
46.7298	0.0151905	0.0866065	0.130746	0.204402	0.318647	0.480841	0.990609
47.0541	0.0151316	0.086607	0.130775	0.204346	0.31855	0.480634	0.99038
47.3807	0.0151957	0.086572	0.130736	0.204334	0.318413	0.480502	0.990128
47.7096	0.0152074	0.0865385	0.130704	0.204233	0.318361	0.480322	0.989943
48.0407	0.0151828	0.0865626	0.130655	0.204152	0.318242	0.480208	0.98988
48.3741	0.0151678	0.0865093	0.130657	0.204149	0.318129	0.479977	0.989598
48.7098	0.0151559	0.0865488	0.130612	0.204104	0.317962	0.479898	0.989314
49.0479	0.015169	0.0865497	0.130581	0.20405	0.317846	0.479731	0.98929
49.3883	0.0152168	0.0865287	0.13055	0.203996	0.317754	0.479566	0.989229
49.731	0.0151516	0.0865246	0.130538	0.203914	0.317683	0.479426	0.989083
50.0762	0.0151744	0.0865235	0.13047	0.203897	0.317551	0.479308	0.988863
50.4237	0.0151574	0.0864737	0.130478	0.20378	0.317413	0.479144	0.988634
50.7737	0.0151897	0.0865527	0.130412	0.203757	0.317314	0.478991	0.988473
51.126	0.0151816	0.0865694	0.130407	0.203706	0.317186	0.478819	0.988431
51.4808	0.0151454	0.0864667	0.130369	0.203637	0.317077	0.478665	0.988189
51.8381	0.0151817	0.0864618	0.130336	0.203603	0.316985	0.478491	0.987981
52.1978	0.0152008	0.0864931	0.130276	0.203479	0.316862	0.47832	0.988044
52.5601	0.0151417	0.0864654	0.130257	0.203446	0.316753	0.478196	0.987771
52.9248	0.0151583	0.0864247	0.130222	0.203387	0.316648	0.478039	0.9876
53.2921	0.015143	0.0864291	0.13021	0.20335	0.316544	0.477852	0.98765
53.6619	0.0150854	0.0864658	0.130166	0.203278	0.316422	0.47778	0.987368
54.0343	0.0151823	0.0864278	0.130146	0.203216	0.316338	0.477587	0.987225
54.4092	0.0151993	0.0863806	0.130091	0.203214	0.316227	0.477365	0.987151
54.7868	0.0150878	0.0863829	0.130091	0.203098	0.316129	0.477241	0.986901
55.167	0.015172	0.0864145	0.130075	0.203082	0.31593	0.477109	0.986565
55.5498	0.015174	0.0864139	0.130065	0.203061	0.31589	0.476983	0.986404
55.9353	0.0151036	0.0864236	0.130002	0.202933	0.315763	0.476751	0.986471
56.3234	0.0151262	0.0863857	0.129988	0.202932	0.315655	0.476629	0.986346
56.7142	0.0151333	0.0863954	0.129976	0.202847	0.315537	0.47645	0.986134
57.1078	0.0151554	0.0863711	0.129941	0.202793	0.31541	0.476278	0.985854
57.504	0.0151454	0.0863748	0.129919	0.202768	0.315283	0.476177	0.985671
57.903	0.0151755	0.0863735	0.129886	0.202663	0.315229	0.476029	0.985605
58.3048	0.0151636	0.0863359	0.129869	0.202612	0.315077	0.475826	0.985558
58.7094	0.0151708	0.0863711	0.129858	0.202581	0.314967	0.4757	0.985366
59.1168	0.0151572	0.086359	0.129824	0.202495	0.314837	0.475614	0.985142
59.527	0.0151451	0.0863126	0.129774	0.202466	0.314768	0.475406	0.984999
60.0	0.015126	0.0863571	0.129752	0.202392	0.314641	0.475266	0.98479
